2 0.603510 0.774690 0.052698 0.089954 0
0 0.755865 0.525560 0.175354 0.594806 1
0 0.503906 0.428602 0.161250 0.646500 2
0 0.298073 0.362315 0.139271 0.718333 3
6 0.563260 0.120269 0.023948 0.056852 4
0 0.568646 0.524694 0.190292 0.620722 5
0 0.239076 0.391630 0.200859 0.630815 6
0 0.746411 0.601773 0.185094 0.724602 7
0 0.894409 0.596269 0.019828 0.121204 8
0 0.655974 0.427750 0.056021 0.245722 9
0 0.807346 0.527069 0.057141 0.295731 10
0 0.744310 0.586560 0.025516 0.120528 11
0 0.532456 0.604431 0.132693 0.369843 12
0 0.070753 0.349532 0.099526 0.598361 13
0 0.455094 0.441088 0.139677 0.497769 14
0 0.849779 0.391287 0.029599 0.087963 15
6 0.646182 0.577648 0.038740 0.121500 16
0 0.712266 0.280843 0.024260 0.094648 17
0 0.869495 0.377935 0.024958 0.097704 19
0 0.696333 0.186745 0.022927 0.076639 20
0 0.797310 0.616074 0.015484 0.114556 21
0 0.783828 0.469806 0.042427 0.136574 22
1 0.692169 0.373014 0.023380 0.106602 23
1 0.711716 0.433468 0.183547 0.399620 24
