2 0.419596 0.439106 0.011016 0.019676 0
0 0.370078 0.383231 0.027219 0.115296 1
0 0.251245 0.403481 0.029083 0.121833 2
0 0.416062 0.408620 0.044729 0.117667 3
6 0.528510 0.164657 0.023229 0.068019 4
0 0.446349 0.563134 0.471052 0.870528 5
0 0.255930 0.542991 0.031474 0.129759 6
0 0.529167 0.388356 0.030677 0.114417 7
0 0.217484 0.518880 0.039615 0.129000 8
0 0.535357 0.439861 0.034182 0.107963 9
0 0.372411 0.308329 0.026323 0.098250 10
0 0.817419 0.478880 0.028078 0.098611 11
0 0.591169 0.522875 0.387818 0.619454 12
0 0.173846 0.453667 0.042620 0.123130 13
0 0.652500 0.391153 0.028344 0.085157 14
0 0.800352 0.388329 0.027328 0.086398 15
6 0.575737 0.539708 0.038380 0.130898 16
0 0.635643 0.294301 0.027078 0.087713 17
0 0.918643 0.350352 0.020526 0.089759 19
0 0.786935 0.497250 0.400839 0.762759 20
0 0.652313 0.660597 0.047521 0.152880 21
0 0.739096 0.379023 0.037078 0.124343 22
1 0.764430 0.483931 0.024797 0.113120 23
1 0.429878 0.394315 0.032891 0.129519 24
