2 0.597812 0.467866 0.076354 0.162972 0
0 0.470148 0.453352 0.034089 0.170407 1
0 0.237620 0.442486 0.038187 0.227120 2
0 0.178422 0.511380 0.034667 0.139463 3
6 0.551115 0.473023 0.049417 0.201083 4
0 0.154781 0.358968 0.057250 0.215917 5
0 0.067797 0.782708 0.040396 0.174306 6
0 0.238518 0.481005 0.032682 0.129454 7
0 0.676063 0.471190 0.052167 0.245769 8
0 0.024026 0.344968 0.046906 0.358935 9
0 0.776219 0.466269 0.041604 0.237981 10
0 0.588776 0.454449 0.071760 0.265231 11
0 0.776938 0.478417 0.065687 0.267389 12
0 0.236279 0.336764 0.059599 0.216009 13
0 0.412305 0.477514 0.062797 0.263417 14
0 0.072362 0.491648 0.144370 0.470352 15
6 0.522417 0.497926 0.258813 0.924500 16
0 0.443656 0.534704 0.186948 0.659481 17
0 0.275732 0.416787 0.067766 0.338370 19
0 0.346297 0.513019 0.222510 0.635630 20
0 0.371987 0.645583 0.115745 0.276407 21
0 0.619516 0.728056 0.208240 0.371204 22
1 0.827870 0.426324 0.030927 0.139389 23
1 0.340745 0.377380 0.055219 0.168407 24
6 0.769526 0.138856 0.015531 0.072380 25
6 0.234818 0.762042 0.240625 0.474398 26
