2 0.583516 0.529116 0.012656 0.021250 0
0 0.742281 0.835755 0.147000 0.262250 1
0 0.532792 0.524106 0.031260 0.172583 2
0 0.168674 0.522949 0.042234 0.173046 3
6 0.596284 0.429681 0.039911 0.150843 4
0 0.223693 0.148472 0.042542 0.181852 5
0 0.065344 0.472694 0.041802 0.168222 6
0 0.228951 0.536690 0.286630 0.368935 7
0 0.892594 0.168792 0.042542 0.169546 8
0 0.431943 0.494046 0.303042 0.353185 9
0 0.296146 0.565296 0.332969 0.415241 10
0 0.169039 0.539815 0.034922 0.121296 11
0 0.726276 0.858935 0.190990 0.282130 12
0 0.253607 0.131343 0.042703 0.188889 13
0 0.235953 0.484917 0.036740 0.155407 14
0 0.239432 0.597444 0.478740 0.803815 15
6 0.151326 0.426634 0.033276 0.123583 16
0 0.295573 0.500000 0.591146 1.000000 17
0 0.461904 0.407185 0.027505 0.158222 19
0 0.429711 0.457227 0.039776 0.150731 20
0 0.213203 0.627852 0.046458 0.183796 21
0 0.313943 0.528241 0.034927 0.169870 22
1 0.550107 0.575750 0.054547 0.143741 23
1 0.370849 0.385282 0.050469 0.188213 24
6 0.778313 0.134773 0.015677 0.072861 25
6 0.264969 0.639759 0.379510 0.717944 26
