2 0.093940 0.778829 0.050005 0.086231 0
0 0.313760 0.254352 0.031552 0.119574 1
0 0.458432 0.520722 0.024573 0.130778 2
0 0.493417 0.511495 0.018177 0.121435 3
6 0.575974 0.231995 0.024135 0.067509 4
0 0.359914 0.512639 0.018255 0.101907 5
0 0.397922 0.580463 0.026062 0.127889 6
0 0.446102 0.601213 0.216599 0.379741 7
0 0.445242 0.400486 0.081672 0.184583 8
0 0.526771 0.610319 0.319583 0.779361 9
0 0.278680 0.417579 0.030734 0.105361 10
0 0.524461 0.652051 0.177536 0.695898 11
0 0.398503 0.451486 0.016172 0.106417 12
0 0.528526 0.528565 0.026219 0.130815 13
0 0.354193 0.585380 0.089656 0.343130 14
0 0.205667 0.681144 0.374115 0.634009 15
6 0.064508 0.229199 0.044286 0.134898 16
0 0.386948 0.404769 0.020385 0.085796 17
0 0.541146 0.464505 0.020719 0.116509 19
0 0.504646 0.452917 0.016000 0.100315 20
0 0.614732 0.474199 0.023005 0.140435 21
0 0.717831 0.480935 0.024974 0.142926 22
1 0.935612 0.441463 0.024474 0.111889 23
1 0.345344 0.549412 0.053062 0.154361 24
6 0.075188 0.125718 0.018083 0.083287 25
