2 0.614844 0.378046 0.008417 0.013722 0
0 0.800966 0.589356 0.142828 0.468602 1
0 0.790063 0.425194 0.030510 0.135259 2
0 0.491849 0.391727 0.029240 0.125472 3
6 0.297383 0.220894 0.024776 0.070657 4
0 0.661112 0.475694 0.410484 0.316574 5
0 0.594513 0.334306 0.021391 0.069778 6
0 0.960060 0.405764 0.024464 0.096639 7
0 0.694526 0.466417 0.029135 0.133815 8
0 0.700753 0.375157 0.020620 0.077593 9
0 0.426143 0.699644 0.425724 0.600713 10
0 0.681326 0.423495 0.023516 0.097769 11
0 0.967995 0.524389 0.036104 0.148481 12
0 0.926099 0.317856 0.022125 0.086546 13
0 0.788344 0.489051 0.033250 0.113306 14
0 0.571206 0.459852 0.282224 0.542241 15
6 0.799625 0.493190 0.029500 0.116546 16
0 0.368427 0.816806 0.585229 0.366389 17
0 0.733112 0.524319 0.031109 0.122583 19
0 0.314740 0.525880 0.198437 0.948241 20
0 0.320180 0.371449 0.030911 0.096935 21
0 0.327365 0.431278 0.025938 0.111630 22
1 0.311958 0.469454 0.046906 0.129019 23
1 0.412917 0.285690 0.033958 0.116028 24
6 0.284745 0.199713 0.017354 0.078833 25
6 0.299427 0.500009 0.538229 0.996278 26
0 0.420268 0.476176 0.026609 0.097944 27
0 0.708190 0.374861 0.022016 0.072407 28
