2 0.842112 0.711056 0.012922 0.026111 0
0 0.417315 0.448532 0.024964 0.091935 1
0 0.276250 0.524875 0.262260 0.777602 2
0 0.288229 0.375931 0.022021 0.091565 3
6 0.414219 0.197935 0.024240 0.083130 4
0 0.449797 0.560083 0.029615 0.104519 5
0 0.483995 0.651093 0.036771 0.155093 6
0 0.164766 0.500000 0.329531 1.000000 7
0 0.465836 0.458880 0.031526 0.094704 8
0 0.848435 0.504134 0.301359 0.928676 9
0 0.536534 0.357847 0.022984 0.089620 10
0 0.491458 0.528759 0.037844 0.131611 11
0 0.326187 0.234875 0.029083 0.095417 12
0 0.373302 0.557713 0.037958 0.112074 13
0 0.839948 0.499829 0.320104 0.997380 14
0 0.444042 0.440491 0.025583 0.117667 15
6 0.373440 0.423231 0.033318 0.119926 16
0 0.309641 0.410694 0.083594 0.430704 17
0 0.471109 0.350569 0.029833 0.111454 19
0 0.565182 0.501120 0.651615 0.997759 20
0 0.649130 0.640185 0.040333 0.160926 21
0 0.775865 0.420537 0.027417 0.126611 22
1 0.525940 0.256208 0.022964 0.096991 23
1 0.182534 0.375218 0.035776 0.123528 24
6 0.791490 0.128657 0.015885 0.073574 25
6 0.299427 0.500009 0.538229 0.996278 26
