2 0.551372 0.424537 0.009047 0.014074 0
0 0.813607 0.601111 0.124359 0.399481 1
0 0.782667 0.421907 0.030812 0.135074 2
0 0.450917 0.386801 0.028667 0.124472 3
6 0.488786 0.219083 0.026583 0.078241 4
0 0.661112 0.475694 0.410484 0.316574 5
0 0.635893 0.382778 0.025818 0.060741 6
0 0.935641 0.413894 0.029896 0.107083 7
0 0.698177 0.464519 0.029563 0.134130 8
0 0.736458 0.360125 0.024010 0.087509 9
0 0.470128 0.677361 0.362203 0.496722 10
0 0.862281 0.422940 0.029906 0.121472 11
0 0.959557 0.555861 0.043677 0.166333 12
0 0.938174 0.308694 0.022932 0.093333 13
0 0.707010 0.547931 0.052604 0.153657 14
0 0.612125 0.448153 0.202937 0.413083 15
6 0.786253 0.648310 0.055307 0.178972 16
0 0.490237 0.578750 0.107130 0.424722 17
0 0.583792 0.510829 0.031125 0.163787 19
0 0.314740 0.525880 0.198437 0.948241 20
0 0.483862 0.404486 0.038682 0.140880 21
0 0.597437 0.432380 0.029042 0.148648 22
1 0.440133 0.506866 0.051484 0.152824 23
1 0.412917 0.285690 0.033958 0.116028 24
6 0.332372 0.189681 0.017984 0.083213 25
6 0.299427 0.500009 0.538229 0.996278 26
0 0.310859 0.410704 0.029052 0.070889 27
0 0.776026 0.370796 0.032479 0.093037 28
