2 0.653406 0.554463 0.023677 0.042000 0
0 0.298732 0.464486 0.116786 0.432731 1
0 0.307846 0.474995 0.150161 0.585972 2
0 0.167424 0.379444 0.085328 0.388093 3
6 0.332682 0.181366 0.031562 0.075417 4
0 0.319383 0.545856 0.147682 0.481787 5
0 0.160714 0.479958 0.125396 0.399694 6
0 0.487216 0.517046 0.074682 0.442111 7
0 0.127818 0.329782 0.022177 0.112583 8
0 0.133458 0.439861 0.061313 0.313000 9
0 0.386193 0.453431 0.044052 0.263769 10
0 0.347997 0.754227 0.040766 0.169435 11
0 0.407552 0.377000 0.160635 0.453444 12
0 0.215919 0.406171 0.075755 0.357750 13
0 0.295833 0.460361 0.145135 0.311556 14
0 0.651190 0.405037 0.035578 0.103444 15
6 0.152836 0.563278 0.042214 0.133093 16
0 0.339393 0.270935 0.027380 0.109000 17
0 0.761198 0.392574 0.030823 0.109537 19
0 0.400234 0.195037 0.022563 0.082167 20
0 0.274305 0.762884 0.021776 0.092139 21
0 0.823589 0.550505 0.047187 0.147454 22
1 0.627937 0.274421 0.022115 0.100806 23
1 0.505000 0.622028 0.309667 0.307389 24
