2 0.501464 0.338106 0.009260 0.018231 0
0 0.834680 0.620694 0.093578 0.284278 1
0 0.770341 0.416431 0.031318 0.134750 2
0 0.382695 0.378602 0.027714 0.122815 3
6 0.642487 0.247782 0.033672 0.085546 4
0 0.661112 0.475694 0.410484 0.316574 5
0 0.443956 0.459806 0.037922 0.047796 6
0 0.894935 0.427444 0.038953 0.124519 7
0 0.704266 0.461352 0.030271 0.134648 8
0 0.795966 0.335065 0.029661 0.104037 9
0 0.695701 0.601847 0.156005 0.276361 10
0 0.795208 0.393120 0.034271 0.116722 11
0 0.848151 0.591741 0.048354 0.147315 12
0 0.958297 0.293421 0.024281 0.104657 13
0 0.877750 0.537384 0.050958 0.140231 14
0 0.555740 0.494056 0.051958 0.124389 15
6 0.829375 0.499986 0.057604 0.136139 16
0 0.222120 0.708560 0.050344 0.178435 17
0 0.300779 0.573565 0.057089 0.146759 19
0 0.314740 0.525880 0.198437 0.948241 20
0 0.406641 0.351315 0.030677 0.117556 21
0 0.973367 0.409852 0.049828 0.126037 22
1 0.220271 0.336921 0.035438 0.103028 23
1 0.412917 0.285690 0.033958 0.116028 24
6 0.411753 0.172963 0.019036 0.090519 25
6 0.299427 0.500009 0.538229 0.996278 26
0 0.478612 0.451491 0.036109 0.048500 27
0 0.856573 0.365361 0.023625 0.106685 28
