2 0.613357 0.722245 0.044745 0.080083 0
0 0.704453 0.704907 0.037698 0.162093 1
0 0.612313 0.431949 0.032802 0.149861 2
0 0.464969 0.371042 0.027833 0.128806 3
6 0.493771 0.183801 0.029979 0.075083 4
0 0.601964 0.543657 0.234406 0.728611 5
0 0.558695 0.181144 0.019974 0.085398 6
0 0.454161 0.442528 0.228635 0.796796 7
0 0.661180 0.511954 0.038047 0.121481 8
0 0.827922 0.264449 0.025906 0.107306 9
0 0.644138 0.548782 0.033266 0.132361 10
0 0.546211 0.306259 0.026891 0.112741 11
0 0.093659 0.679227 0.064255 0.166731 12
0 0.935859 0.501838 0.128281 0.842250 13
0 0.249797 0.408352 0.027802 0.115407 14
0 0.396182 0.270375 0.030646 0.107954 15
6 0.641839 0.371500 0.029312 0.118167 16
0 0.282971 0.434194 0.032953 0.133759 17
0 0.320315 0.407931 0.048484 0.127620 19
0 0.314740 0.525880 0.198437 0.948241 20
0 0.514258 0.264134 0.029880 0.104343 21
0 0.490008 0.232273 0.024078 0.108657 22
1 0.320203 0.164310 0.020896 0.060009 23
1 0.498198 0.366662 0.036531 0.115954 24
6 0.098854 0.187681 0.016354 0.089120 25
6 0.299427 0.500009 0.538229 0.996278 26
0 0.423286 0.264653 0.032177 0.116157 27
