2 0.559727 0.477583 0.017714 0.029759 0
0 0.647344 0.523532 0.017146 0.068250 1
0 0.528286 0.566884 0.223115 0.421083 2
0 0.409898 0.501667 0.017630 0.076278 3
6 0.483578 0.286218 0.030208 0.108917 4
0 0.513216 0.570481 0.016443 0.069944 5
0 0.363818 0.656611 0.030000 0.116037 6
0 0.427039 0.545222 0.134651 0.427852 7
0 0.699859 0.532528 0.017042 0.067056 8
0 0.933414 0.545745 0.117234 0.375139 9
0 0.817148 0.499023 0.024682 0.092620 10
0 0.397448 0.574588 0.026948 0.095546 11
0 0.292099 0.337319 0.032583 0.108213 12
0 0.487953 0.568245 0.019885 0.076824 13
0 0.638180 0.767509 0.149755 0.292722 14
0 0.620000 0.691389 0.388958 0.617222 15
6 0.057367 0.388574 0.036266 0.119056 16
0 0.293992 0.557176 0.411630 0.885648 17
0 0.624643 0.488551 0.063224 0.106565 19
0 0.713841 0.479282 0.050026 0.113954 20
0 0.415552 0.675014 0.044844 0.152454 21
0 0.743792 0.533694 0.038250 0.125037 22
1 0.655344 0.394435 0.139292 0.175889 23
1 0.254273 0.379056 0.041370 0.148167 24
6 0.786471 0.130986 0.015807 0.073306 25
6 0.292969 0.526213 0.508469 0.944093 26
