2 0.474349 0.504528 0.023448 0.033204 0
0 0.676099 0.532907 0.016167 0.065278 1
0 0.557508 0.568250 0.180109 0.344148 2
0 0.425109 0.517380 0.017083 0.074370 3
6 0.492247 0.297250 0.030953 0.112148 4
0 0.521141 0.571782 0.014792 0.065620 5
0 0.386951 0.641903 0.026120 0.103046 6
0 0.459823 0.550875 0.110292 0.356324 7
0 0.729112 0.541736 0.015234 0.063602 8
0 0.944036 0.550949 0.094219 0.305954 9
0 0.852224 0.516671 0.024896 0.092991 10
0 0.426792 0.576801 0.024250 0.087176 11
0 0.445133 0.396245 0.031411 0.104139 12
0 0.502286 0.569560 0.017625 0.072417 13
0 0.749482 0.836620 0.175203 0.326759 14
0 0.653914 0.661843 0.297453 0.483352 15
6 0.064594 0.391500 0.036031 0.119407 16
0 0.284010 0.558106 0.461042 0.883787 17
0 0.669865 0.503662 0.054906 0.107065 19
0 0.737370 0.503731 0.046615 0.106278 20
0 0.417216 0.651056 0.037203 0.134333 21
0 0.668523 0.544560 0.032224 0.110176 22
1 0.619930 0.449208 0.189682 0.209731 23
1 0.263240 0.379532 0.042073 0.151250 24
6 0.785841 0.131282 0.015797 0.073269 25
6 0.290813 0.534949 0.498552 0.926694 26
