2 0.559193 0.672630 0.057031 0.089556 0
0 0.705727 0.563218 0.029047 0.138435 1
0 0.017422 0.414806 0.034844 0.208722 2
0 0.659888 0.392819 0.029120 0.138454 3
6 0.717182 0.183986 0.028094 0.076213 4
0 0.191797 0.413287 0.190365 0.487315 5
0 0.767367 0.252602 0.023203 0.099833 6
0 0.094740 0.846343 0.188750 0.305463 7
0 0.472844 0.581440 0.043750 0.144231 8
0 0.936318 0.297000 0.028448 0.120370 9
0 0.583484 0.559440 0.032417 0.144287 10
0 0.857695 0.236708 0.026474 0.109713 11
0 0.105768 0.488042 0.036630 0.142435 12
0 0.224094 0.530787 0.318708 0.558981 13
0 0.681831 0.188981 0.028109 0.101074 14
0 0.725253 0.101431 0.019839 0.091398 15
6 0.780323 0.327097 0.028542 0.112620 16
0 0.297227 0.175282 0.022443 0.102602 17
0 0.329154 0.156356 0.022901 0.103491 19
0 0.314740 0.525880 0.198437 0.948241 20
0 0.858372 0.231310 0.025349 0.109287 21
0 0.742656 0.134301 0.019146 0.092898 22
1 0.386828 0.049236 0.011198 0.031324 23
1 0.619911 0.534185 0.056271 0.119296 24
6 0.190107 0.214472 0.017495 0.087611 25
6 0.299427 0.500009 0.538229 0.996278 26
0 0.629596 0.093074 0.021703 0.093685 27
