2 0.640599 0.455167 0.050156 0.106000 0
0 0.481180 0.414412 0.032578 0.151194 1
0 0.186430 0.431829 0.032766 0.199917 2
0 0.156961 0.486491 0.034161 0.134056 3
6 0.490294 0.426111 0.043745 0.175593 4
0 0.140737 0.415361 0.052443 0.203204 5
0 0.058568 0.797843 0.039802 0.175648 6
0 0.272802 0.463468 0.032896 0.125806 7
0 0.645391 0.431269 0.046385 0.211296 8
0 0.177219 0.686620 0.352958 0.626759 9
0 0.754924 0.426074 0.040911 0.202407 10
0 0.616784 0.472681 0.065016 0.235139 11
0 0.767529 0.441611 0.060036 0.225907 12
0 0.215187 0.388144 0.055448 0.204491 13
0 0.452047 0.460560 0.057823 0.229806 14
0 0.084021 0.478977 0.167688 0.486120 15
6 0.418135 0.588102 0.339667 0.819537 16
0 0.468167 0.500565 0.126719 0.421389 17
0 0.258878 0.427616 0.057536 0.263194 19
0 0.522706 0.519255 0.731047 0.681824 20
0 0.418427 0.631009 0.081854 0.237556 21
0 0.665854 0.601477 0.139281 0.278991 22
1 0.828474 0.414509 0.031510 0.139611 23
1 0.314208 0.374162 0.055177 0.156583 24
6 0.768271 0.139435 0.015510 0.072315 25
6 0.230508 0.779509 0.220786 0.439593 26
