2 0.593688 0.393542 0.008625 0.013843 0
0 0.805180 0.593278 0.136672 0.445556 1
0 0.787596 0.424097 0.030609 0.135194 2
0 0.478203 0.390088 0.029052 0.125139 3
6 0.361182 0.220287 0.025375 0.073185 4
0 0.661112 0.475694 0.410484 0.316574 5
0 0.608307 0.350463 0.022865 0.066759 6
0 0.951919 0.408472 0.026276 0.100130 7
0 0.695742 0.465787 0.029276 0.133926 8
0 0.712654 0.370153 0.021745 0.080898 9
0 0.379898 0.707569 0.444682 0.584861 10
0 0.741641 0.423306 0.025646 0.105667 11
0 0.965182 0.534875 0.038625 0.154435 12
0 0.930122 0.314806 0.022391 0.088815 13
0 0.761232 0.508676 0.039703 0.126759 14
0 0.481771 0.500000 0.542396 1.000000 15
6 0.795167 0.544894 0.038104 0.137361 16
0 0.280971 0.727685 0.486078 0.544630 17
0 0.683339 0.519824 0.031115 0.136315 19
0 0.314740 0.525880 0.198437 0.948241 20
0 0.374740 0.382458 0.033500 0.111583 21
0 0.417388 0.431644 0.026974 0.123972 22
1 0.354680 0.481926 0.048432 0.136944 23
1 0.412917 0.285690 0.033958 0.116028 24
6 0.300620 0.196370 0.017562 0.080296 25
6 0.299427 0.500009 0.538229 0.996278 26
0 0.383799 0.454352 0.027422 0.088926 27
0 0.730805 0.373505 0.025505 0.079287 28
