2 0.067164 0.819634 0.059193 0.102954 0
0 0.285466 0.270065 0.032026 0.119685 1
0 0.451510 0.515880 0.028510 0.135093 2
0 0.497432 0.508787 0.020396 0.126111 3
6 0.594570 0.228620 0.024630 0.068315 4
0 0.327701 0.523694 0.017609 0.100796 5
0 0.350966 0.598273 0.029526 0.134806 6
0 0.377526 0.600241 0.309354 0.505130 7
0 0.427807 0.344861 0.118188 0.227037 8
0 0.469701 0.586384 0.277620 0.686676 9
0 0.260219 0.399880 0.031854 0.108796 10
0 0.436823 0.546343 0.517188 0.901389 11
0 0.344758 0.412148 0.016807 0.103778 12
0 0.551279 0.525898 0.030984 0.136148 13
0 0.271005 0.609579 0.126094 0.456769 14
0 0.234719 0.692606 0.394990 0.611083 15
6 0.027109 0.072361 0.054219 0.144722 16
0 0.339852 0.366977 0.021203 0.089880 17
0 0.584073 0.447287 0.022094 0.118889 19
0 0.521604 0.425241 0.017281 0.100870 20
0 0.674482 0.449505 0.027036 0.153491 21
0 0.770836 0.424833 0.026839 0.146981 22
1 0.933961 0.416667 0.024797 0.110370 23
1 0.353836 0.555773 0.053714 0.155731 24
6 0.067911 0.125606 0.018187 0.083806 25
