2 0.577315 0.390250 0.055682 0.093389 0
0 0.464633 0.472819 0.034839 0.180009 1
0 0.263214 0.447819 0.040896 0.240731 2
0 0.189151 0.523824 0.034927 0.142167 3
6 0.581523 0.496486 0.052245 0.213824 4
0 0.161805 0.330769 0.059661 0.222278 5
0 0.072411 0.775139 0.040698 0.173630 6
0 0.221372 0.489778 0.032578 0.131278 7
0 0.691401 0.491148 0.055062 0.263019 8
0 0.025919 0.352500 0.049547 0.346815 9
0 0.786867 0.486366 0.041943 0.255750 10
0 0.574771 0.445333 0.075135 0.280278 11
0 0.781641 0.496815 0.068510 0.288130 12
0 0.246823 0.311079 0.061667 0.221769 13
0 0.392435 0.485986 0.065286 0.280231 14
0 0.066531 0.497986 0.132708 0.462472 15
6 0.542096 0.495847 0.238411 0.848991 16
0 0.351187 0.555519 0.292313 0.628963 17
0 0.284159 0.411370 0.072880 0.375963 19
0 0.329130 0.549106 0.222510 0.630120 20
0 0.348766 0.652866 0.132687 0.295824 21
0 0.596349 0.791343 0.242719 0.417315 22
1 0.827568 0.432231 0.030635 0.139278 23
1 0.354013 0.378986 0.055234 0.174306 24
6 0.770156 0.138560 0.015542 0.072417 25
6 0.236971 0.753306 0.250547 0.491796 26
