2 0.609604 0.862940 0.052698 0.089954 0
0 0.787094 0.453306 0.100896 0.343574 1
0 0.924766 0.602463 0.150469 0.584148 2
0 0.700729 0.591940 0.168958 0.647602 3
6 0.592081 0.112634 0.022995 0.054528 4
0 0.230742 0.688435 0.190286 0.620722 5
0 0.282813 0.582144 0.249271 0.558491 6
0 0.829026 0.730648 0.157427 0.538704 7
0 0.990234 0.629579 0.019531 0.122287 8
0 0.755031 0.410894 0.044812 0.169880 9
0 0.733414 0.418880 0.040922 0.189870 10
0 0.793849 0.565597 0.023615 0.114417 11
0 0.696073 0.469977 0.079104 0.228565 12
0 0.052607 0.342454 0.102495 0.628426 13
0 0.518102 0.428088 0.117609 0.414194 14
0 0.874599 0.389565 0.028854 0.086037 15
6 0.707849 0.579444 0.038302 0.120056 16
0 0.758872 0.282079 0.023870 0.092861 17
0 0.883034 0.376106 0.024224 0.096213 19
0 0.733346 0.185713 0.022974 0.075944 20
0 0.862688 0.597722 0.014698 0.117352 21
0 0.778859 0.459718 0.041833 0.135213 22
1 0.700201 0.385338 0.023536 0.107324 23
1 0.714971 0.384671 0.102141 0.240991 24
