2 0.755857 0.475639 0.011255 0.016852 0
0 0.224375 0.456343 0.032656 0.108148 1
0 0.406932 0.432463 0.027583 0.106981 2
0 0.279505 0.445468 0.036552 0.121565 3
6 0.825440 0.259102 0.023724 0.079130 4
0 0.351328 0.440093 0.702656 0.758889 5
0 0.719823 0.377185 0.026740 0.097444 6
0 0.778328 0.412972 0.433010 0.825722 7
0 0.310143 0.458653 0.028839 0.113713 8
0 0.388201 0.404542 0.029464 0.109806 9
0 0.308990 0.424458 0.027000 0.109972 10
0 0.472771 0.395806 0.027000 0.101278 11
0 0.296294 0.522125 0.034620 0.128398 12
0 0.341031 0.411079 0.030990 0.104509 13
0 0.318732 0.342347 0.022745 0.099472 14
0 0.321273 0.314398 0.026276 0.094426 15
6 0.246167 0.399157 0.022990 0.105667 16
0 0.155654 0.332662 0.034922 0.109380 17
0 0.193234 0.345667 0.026010 0.116000 19
0 0.314740 0.525880 0.198437 0.948241 20
0 0.675479 0.343431 0.026229 0.103880 21
0 0.561021 0.265588 0.019458 0.089861 22
1 0.083885 0.224514 0.020240 0.090231 23
1 0.216404 0.649009 0.046849 0.138741 24
6 0.281357 0.241255 0.018641 0.086102 25
6 0.299427 0.500009 0.538229 0.996278 26
0 0.188471 0.239236 0.021974 0.098713 27
