2 0.540766 0.517181 0.013375 0.022417 0
0 0.771703 0.866204 0.157990 0.267593 1
0 0.550492 0.530310 0.028359 0.155565 2
0 0.168974 0.412708 0.041375 0.179898 3
6 0.587615 0.418648 0.039167 0.147611 4
0 0.225812 0.150991 0.036875 0.167704 5
0 0.064453 0.349500 0.042010 0.167074 6
0 0.442250 0.478384 0.541958 0.584731 7
0 0.909419 0.132597 0.041693 0.163380 8
0 0.443721 0.474157 0.542661 0.580167 9
0 0.425781 0.652639 0.622083 0.694722 10
0 0.234708 0.420644 0.035104 0.121954 11
0 0.816625 0.576796 0.190990 0.282130 12
0 0.242432 0.131352 0.037125 0.176685 13
0 0.412151 0.374556 0.033719 0.157870 14
0 0.431911 0.647037 0.524302 0.704630 15
6 0.144096 0.423708 0.033505 0.123231 16
0 0.457023 0.543287 0.511786 0.913426 17
0 0.676906 0.360861 0.032896 0.174389 19
0 0.644802 0.384338 0.036188 0.157435 20
0 0.152336 0.525171 0.051370 0.185306 21
0 0.202859 0.424352 0.035635 0.175500 22
1 0.519471 0.639523 0.059797 0.182750 23
1 0.361883 0.384801 0.049766 0.185139 24
6 0.778940 0.134486 0.015682 0.072898 25
6 0.267125 0.631028 0.389427 0.735333 26
