2 0.729198 0.729824 0.013094 0.027056 0
0 0.331055 0.420407 0.027901 0.100815 1
0 0.212695 0.433111 0.149911 0.443204 2
0 0.242604 0.328782 0.023667 0.097306 3
6 0.388211 0.164824 0.022005 0.073463 4
0 0.426016 0.556181 0.034552 0.117472 5
0 0.298599 0.622481 0.036229 0.152204 6
0 0.182685 0.465292 0.067161 0.775324 7
0 0.378076 0.431259 0.036953 0.105074 8
0 0.707036 0.548245 0.392292 0.780917 9
0 0.431302 0.304903 0.022344 0.088491 10
0 0.732198 0.494009 0.035240 0.125815 11
0 0.406383 0.216227 0.027078 0.088194 12
0 0.330310 0.553764 0.044734 0.125306 13
0 0.539602 0.465120 0.351422 0.771074 14
0 0.665268 0.432380 0.030120 0.116037 15
6 0.512000 0.439338 0.031958 0.120435 16
0 0.410029 0.477750 0.142839 0.745333 17
0 0.569865 0.344069 0.030937 0.110398 19
0 0.429792 0.545139 0.376042 0.909722 20
0 0.638404 0.667722 0.040453 0.163815 21
0 0.708255 0.337292 0.025740 0.113213 22
1 0.476516 0.272912 0.023958 0.095583 23
1 0.155630 0.373782 0.033677 0.114287 24
6 0.793372 0.127782 0.015922 0.073676 25
6 0.299427 0.500009 0.538229 0.996278 26
