2 0.640781 0.657074 0.023469 0.041352 0
0 0.143982 0.348639 0.034401 0.120259 1
0 0.416901 0.491690 0.048187 0.156639 2
0 0.517497 0.495241 0.031474 0.149481 3
6 0.687555 0.211745 0.027099 0.072324 4
0 0.166638 0.578958 0.014380 0.095250 5
0 0.116180 0.687338 0.046839 0.169435 6
0 0.650620 0.458847 0.102927 0.389954 7
0 0.262677 0.317657 0.100406 0.198259 8
0 0.184357 0.466718 0.067807 0.223250 9
0 0.167924 0.311389 0.037453 0.125963 10
0 0.786664 0.462731 0.038068 0.067407 11
0 0.076036 0.215463 0.020000 0.090556 12
0 0.665055 0.512556 0.054828 0.162815 13
0 0.467281 0.472472 0.071010 0.269648 14
0 0.576438 0.430861 0.224385 0.565407 15
6 0.421385 0.546417 0.256938 0.907167 16
0 0.104365 0.178028 0.025292 0.110278 17
0 0.798714 0.361185 0.028990 0.130796 19
0 0.606393 0.286856 0.023682 0.103676 20
0 0.824987 0.824259 0.043161 0.205741 21
0 0.960794 0.394644 0.034401 0.163176 22
1 0.925698 0.292685 0.026396 0.102778 23
1 0.396297 0.587565 0.056979 0.162574 24
6 0.031518 0.125051 0.018703 0.086380 25
