2 0.533880 0.447843 0.010854 0.022815 0
0 0.380990 0.397958 0.034063 0.099065 1
0 0.406076 0.451306 0.035661 0.125944 2
0 0.505430 0.366324 0.038099 0.111981 3
6 0.727281 0.227704 0.027812 0.066815 4
0 0.487359 0.489875 0.039448 0.119880 5
0 0.586630 0.759227 0.039552 0.157287 6
0 0.732492 0.431245 0.035432 0.117139 7
0 0.547500 0.408894 0.038437 0.105398 8
0 0.643490 0.448949 0.035677 0.116898 9
0 0.628052 0.328690 0.034312 0.088046 10
0 0.938987 0.681542 0.033484 0.124713 11
0 0.940060 0.330398 0.042276 0.096981 12
0 0.328760 0.502148 0.041125 0.123852 13
0 0.907276 0.454315 0.027010 0.114519 14
0 0.825536 0.353329 0.032125 0.108491 15
6 0.919448 0.508375 0.038490 0.113324 16
0 0.814602 0.338264 0.036734 0.111343 17
0 0.403982 0.579222 0.050651 0.138074 18
0 0.602872 0.384245 0.027526 0.113028 19
0 0.806234 0.233116 0.032135 0.096639 20
0 0.845763 0.700310 0.056078 0.171972 21
0 0.629417 0.415995 0.032833 0.115250 22
1 0.820208 0.539051 0.026375 0.120361 23
