2 0.619206 0.461514 0.063255 0.134491 0
0 0.475664 0.433880 0.033328 0.160796 1
0 0.212026 0.437157 0.035479 0.213519 2
0 0.167693 0.498935 0.034417 0.136759 3
6 0.520706 0.449565 0.046578 0.188333 4
0 0.147760 0.387162 0.054844 0.209565 5
0 0.063182 0.790273 0.040104 0.174972 6
0 0.255659 0.472236 0.032786 0.127639 7
0 0.660727 0.451227 0.049276 0.228528 8
0 0.022135 0.337435 0.044271 0.371056 9
0 0.765570 0.446171 0.041255 0.220194 10
0 0.602779 0.463565 0.068391 0.250185 11
0 0.772232 0.460014 0.062859 0.246639 12
0 0.225734 0.362449 0.057521 0.210250 13
0 0.432174 0.469037 0.060307 0.246611 14
0 0.078190 0.485315 0.156026 0.478241 15
6 0.502737 0.500000 0.279214 1.000000 16
0 0.455911 0.517634 0.156833 0.540435 17
0 0.267305 0.422204 0.062651 0.300778 19
0 0.519062 0.569028 0.961875 0.861944 20
0 0.395206 0.638296 0.098797 0.256981 21
0 0.642687 0.664764 0.173760 0.325102 22
1 0.828172 0.420417 0.031219 0.139500 23
1 0.327474 0.375773 0.055198 0.162491 24
6 0.768901 0.139148 0.015521 0.072352 25
6 0.232664 0.770778 0.230703 0.457000 26
