2 0.717549 0.579292 0.052266 0.099657 0
0 0.565766 0.653037 0.081062 0.230204 1
0 0.426589 0.486880 0.048656 0.274704 2
0 0.264258 0.610944 0.036703 0.161074 3
6 0.648302 0.495894 0.044385 0.170176 4
0 0.210966 0.133380 0.076505 0.266759 5
0 0.104708 0.722167 0.042781 0.168944 6
0 0.101370 0.551157 0.031833 0.144037 7
0 0.791630 0.385963 0.047646 0.206593 8
0 0.471406 0.144167 0.093021 0.288333 9
0 0.501859 0.504213 0.050698 0.197648 10
0 0.384464 0.474736 0.075479 0.287806 11
0 0.308315 0.510481 0.035516 0.176130 12
0 0.320635 0.131264 0.076187 0.262065 13
0 0.156604 0.559051 0.049875 0.230676 14
0 0.452328 0.499708 0.108260 0.282565 15
6 0.431372 0.455269 0.082880 0.298722 16
0 0.384714 0.484870 0.769427 0.391370 17
0 0.845776 0.244292 0.112615 0.482157 19
0 0.585464 0.386759 0.329052 0.773519 20
0 0.186227 0.703870 0.251307 0.431778 21
0 0.412555 0.677542 0.078547 0.221657 22
1 0.825448 0.473583 0.028604 0.138500 23
1 0.424654 0.388153 0.054661 0.206694 24
6 0.774547 0.136523 0.015615 0.072657 25
6 0.252047 0.692167 0.319990 0.613556 26
