2 0.040391 0.860435 0.068385 0.119685 0
0 0.257169 0.285778 0.032505 0.119796 1
0 0.444589 0.511046 0.032448 0.139407 2
0 0.501443 0.506079 0.022615 0.130787 3
6 0.613167 0.225245 0.025125 0.069120 4
0 0.295490 0.534741 0.016958 0.099685 5
0 0.304010 0.616088 0.032990 0.141731 6
0 0.308948 0.599269 0.402104 0.630537 7
0 0.410372 0.289231 0.154703 0.269500 8
0 0.412633 0.562449 0.235661 0.593991 9
0 0.241760 0.382181 0.032969 0.112231 10
0 0.440438 0.684954 0.379438 0.370648 11
0 0.291013 0.372810 0.017443 0.101139 12
0 0.574036 0.523231 0.035750 0.141481 13
0 0.187818 0.633782 0.162531 0.570398 14
0 0.263771 0.704074 0.415875 0.588148 15
6 0.114953 0.191681 0.129958 0.333731 16
0 0.292755 0.329190 0.022021 0.093954 17
0 0.627003 0.430069 0.023474 0.121269 19
0 0.538562 0.397560 0.018562 0.101435 20
0 0.734227 0.424815 0.031068 0.166556 21
0 0.823841 0.368727 0.028703 0.151028 22
1 0.932307 0.391870 0.025115 0.108852 23
1 0.362328 0.562130 0.054365 0.157093 24
6 0.060630 0.125495 0.018292 0.084324 25
