2 0.576565 0.670884 0.036797 0.064898 0
0 0.393445 0.504634 0.146276 0.537139 1
0 0.347206 0.491731 0.167297 0.651185 2
0 0.183755 0.377306 0.092073 0.429370 3
6 0.361503 0.173731 0.030609 0.073093 4
0 0.356297 0.543852 0.161677 0.527796 5
0 0.170510 0.468912 0.134833 0.428583 6
0 0.715081 0.506329 0.094349 0.588417 7
0 0.223643 0.363093 0.021880 0.113667 8
0 0.097549 0.484366 0.092297 0.506880 9
0 0.481029 0.501769 0.051641 0.304389 10
0 0.397536 0.733273 0.038854 0.163324 11
0 0.424596 0.411218 0.191161 0.541694 12
0 0.197776 0.399093 0.078729 0.387833 13
0 0.307299 0.503556 0.250057 0.514315 14
0 0.676016 0.403319 0.034833 0.101509 15
6 0.214505 0.565074 0.041781 0.131648 16
0 0.386003 0.272171 0.026984 0.107213 17
0 0.774734 0.390741 0.030083 0.108056 19
0 0.437247 0.194000 0.022609 0.081481 20
0 0.339680 0.744537 0.020984 0.094944 21
0 0.818617 0.540417 0.046589 0.146093 22
1 0.635966 0.286745 0.022276 0.101528 23
1 0.518076 0.641449 0.332620 0.329935 24
