2 0.870823 0.625537 0.012698 0.024852 0
0 0.561083 0.495407 0.020073 0.077130 1
0 0.440620 0.562769 0.352146 0.651889 2
0 0.364273 0.454514 0.019276 0.082009 3
6 0.457568 0.253106 0.027969 0.099250 4
0 0.489435 0.566583 0.021380 0.082907 5
0 0.294427 0.700731 0.041635 0.155019 6
0 0.328685 0.528264 0.207734 0.642398 7
0 0.612099 0.504907 0.022479 0.077426 8
0 0.901547 0.530144 0.186281 0.582713 9
0 0.711917 0.446079 0.024052 0.091491 10
0 0.309409 0.567944 0.035047 0.120667 11
0 0.192529 0.265958 0.032422 0.107472 12
0 0.444961 0.564296 0.026661 0.090037 13
0 0.304273 0.560185 0.073401 0.190611 14
0 0.147323 0.471880 0.035479 0.125315 15
6 0.142510 0.396380 0.035583 0.119056 16
0 0.184854 0.381736 0.031854 0.131824 17
0 0.264750 0.387968 0.043885 0.134343 19
0 0.243682 0.423991 0.033260 0.095926 20
0 0.377635 0.654616 0.040823 0.167435 21
0 0.654589 0.441708 0.208219 0.598046 22
1 0.615516 0.248917 0.029292 0.108185 23
1 0.227372 0.377616 0.039276 0.138935 24
6 0.788352 0.130111 0.015839 0.073407 25
6 0.299427 0.500009 0.538229 0.996278 26
