2 0.416836 0.838995 0.055911 0.089602 0
0 0.705516 0.586838 0.030490 0.142380 1
0 0.116570 0.417662 0.034505 0.198917 2
0 0.627401 0.389190 0.028906 0.136843 3
6 0.679948 0.183954 0.028406 0.076019 4
0 0.264922 0.516343 0.303177 0.630278 5
0 0.732589 0.240690 0.022667 0.097417 6
0 0.018255 0.928981 0.035781 0.140185 7
0 0.504232 0.569861 0.042797 0.140444 8
0 0.918250 0.291579 0.028021 0.118194 9
0 0.593596 0.557662 0.032557 0.142306 10
0 0.805781 0.248301 0.026542 0.110213 11
0 0.103753 0.519903 0.041234 0.146491 12
0 0.007786 0.447856 0.015573 0.060769 13
0 0.609826 0.225542 0.028057 0.103472 14
0 0.670406 0.129588 0.021635 0.094157 15
6 0.757242 0.334495 0.028672 0.113546 16
0 0.294852 0.218435 0.024193 0.107796 17
0 0.327682 0.198287 0.027167 0.107519 19
0 0.314740 0.525880 0.198437 0.948241 20
0 0.801021 0.236778 0.026104 0.108463 21
0 0.700547 0.150630 0.019969 0.095519 22
1 0.375724 0.068417 0.012813 0.036093 23
1 0.599625 0.506269 0.052979 0.118741 24
6 0.174896 0.210005 0.017302 0.087861 25
6 0.299427 0.500009 0.538229 0.996278 26
0 0.595208 0.121667 0.023448 0.097426 27
