2 0.497018 0.569056 0.012495 0.021500 0
0 0.394685 0.518403 0.031620 0.138009 1
0 0.307953 0.444472 0.035896 0.143704 2
0 0.400646 0.411556 0.037948 0.139611 3
6 0.902466 0.247171 0.027807 0.071491 4
0 0.564680 0.480769 0.036266 0.139333 5
0 0.458979 0.466995 0.029854 0.140954 6
0 0.473224 0.422597 0.043312 0.125361 7
0 0.303815 0.532171 0.036880 0.152509 8
0 0.546057 0.419606 0.034417 0.130972 9
0 0.483497 0.453699 0.036901 0.115454 10
0 0.741456 0.468444 0.040599 0.140148 11
0 0.547695 0.430773 0.027214 0.123861 12
0 0.500669 0.443954 0.029047 0.142833 13
0 0.496940 0.557824 0.512578 0.878426 14
0 0.809583 0.771981 0.380833 0.456037 15
6 0.499995 0.593366 0.393604 0.576417 16
0 0.244625 0.291847 0.086271 0.416861 17
0 0.685904 0.288667 0.032630 0.107778 19
0 0.314740 0.525880 0.198437 0.948241 20
0 0.624732 0.400875 0.027234 0.134602 21
0 0.505430 0.087537 0.020714 0.073000 22
1 0.328242 0.323028 0.026922 0.091352 23
1 0.207750 0.521032 0.037312 0.151398 24
6 0.755451 0.182847 0.015964 0.078639 25
6 0.299427 0.500009 0.538229 0.996278 26
