2 0.574784 0.588093 0.033068 0.062333 0
0 0.595185 0.683486 0.092057 0.235546 1
0 0.444289 0.493083 0.045755 0.257685 2
0 0.274990 0.623389 0.036958 0.163778 3
6 0.639633 0.484856 0.043641 0.166954 4
0 0.213089 0.135898 0.070844 0.252611 5
0 0.109326 0.714602 0.043078 0.168278 6
0 0.084224 0.559926 0.031729 0.145852 7
0 0.808458 0.349773 0.046792 0.200417 8
0 0.355099 0.224921 0.072854 0.229787 9
0 0.434792 0.498958 0.049333 0.185269 10
0 0.278182 0.558829 0.055583 0.205065 11
0 0.185042 0.503861 0.028948 0.156481 12
0 0.309464 0.131278 0.070604 0.249870 13
0 0.104487 0.572106 0.041422 0.191750 14
0 0.343536 0.512185 0.089698 0.243037 15
6 0.326810 0.440171 0.056120 0.212343 16
0 0.452448 0.508148 0.787500 0.983704 17
0 0.461891 0.373560 0.068615 0.314361 19
0 0.317122 0.451861 0.181380 0.455167 20
0 0.163008 0.711157 0.268255 0.451204 21
0 0.386297 0.661278 0.055094 0.193704 22
1 0.825148 0.479491 0.028318 0.138389 23
1 0.415687 0.387676 0.053958 0.203611 24
6 0.775174 0.136231 0.015620 0.072685 25
6 0.254201 0.683431 0.329911 0.630954 26
