2 0.589813 0.421477 0.013260 0.020361 0
0 0.511839 0.144347 0.028229 0.118769 1
0 0.492081 0.464384 0.029464 0.152843 2
0 0.753224 0.503884 0.491458 0.992231 3
6 0.445794 0.255625 0.020682 0.061898 4
0 0.665060 0.460130 0.035370 0.138815 5
0 0.408539 0.516486 0.036411 0.142398 6
0 0.108375 0.530153 0.036677 0.156213 7
0 0.541716 0.460944 0.022130 0.148111 8
0 0.497435 0.594060 0.460026 0.811880 9
0 0.304536 0.470907 0.040938 0.131278 10
0 0.232190 0.521079 0.035089 0.145065 11
0 0.273924 0.503306 0.034755 0.139500 12
0 0.474052 0.462505 0.023240 0.149065 13
0 0.340438 0.499079 0.036604 0.149435 14
0 0.383060 0.496523 0.029401 0.141676 15
6 0.540036 0.383676 0.038844 0.124000 16
0 0.487992 0.459375 0.032557 0.152824 17
0 0.634130 0.464157 0.044448 0.142185 19
0 0.391125 0.488014 0.043885 0.138972 20
0 0.282693 0.508153 0.021646 0.152028 21
0 0.175813 0.535778 0.032073 0.155574 22
1 0.489594 0.612972 0.039667 0.158593 23
1 0.285904 0.504903 0.048495 0.144787 24
6 0.126135 0.126505 0.017365 0.079676 25
