2 0.515471 0.611704 0.039578 0.074648 0
0 0.632802 0.452787 0.137865 0.448963 1
0 0.664706 0.491125 0.031620 0.114806 2
0 0.598052 0.454537 0.031323 0.095241 3
6 0.735005 0.227486 0.027813 0.066806 4
0 0.582396 0.520231 0.026948 0.108019 5
0 0.781513 0.759403 0.048932 0.145120 6
0 0.313159 0.454157 0.149797 0.655759 7
0 0.548125 0.562912 0.436667 0.870454 8
0 0.881492 0.490556 0.043630 0.124370 9
0 0.749367 0.450773 0.033193 0.113435 10
0 0.906271 0.641319 0.035469 0.124713 11
0 0.715359 0.427815 0.037719 0.089833 12
0 0.565445 0.519000 0.035328 0.114648 13
0 0.816747 0.436977 0.027078 0.113306 14
0 0.780576 0.348454 0.031068 0.108556 15
6 0.809320 0.553551 0.033099 0.100157 16
0 0.696982 0.329000 0.035516 0.110426 17
0 0.435268 0.577139 0.049880 0.139093 18
0 0.618818 0.364653 0.026896 0.110991 19
0 0.689883 0.227796 0.030328 0.094593 20
0 0.823417 0.732685 0.058823 0.175981 21
0 0.640320 0.390931 0.032526 0.114435 22
1 0.824664 0.551435 0.026380 0.120352 23
1 0.588974 0.475208 0.103927 0.384676 24
