2 0.446526 0.423801 0.010833 0.019065 0
0 0.471242 0.286546 0.022828 0.079500 1
0 0.372070 0.540954 0.095151 0.435889 2
0 0.117789 0.447593 0.027995 0.106370 3
6 0.204036 0.299505 0.014260 0.051472 4
0 0.168073 0.498917 0.033125 0.113000 5
0 0.224102 0.583903 0.045839 0.140343 6
0 0.196151 0.475014 0.027583 0.108843 7
0 0.323435 0.336278 0.027411 0.087815 8
0 0.277273 0.365204 0.029776 0.085611 9
0 0.284042 0.384333 0.026250 0.098741 10
0 0.072849 0.493500 0.036938 0.134019 11
0 0.221669 0.380366 0.024630 0.116861 12
0 0.032794 0.578532 0.030755 0.142194 13
0 0.364281 0.381000 0.027375 0.090407 14
0 0.379406 0.445181 0.035396 0.131250 15
6 0.243589 0.395870 0.017615 0.101407 16
0 0.152083 0.411704 0.032437 0.129241 17
0 0.231930 0.442181 0.032943 0.139065 19
0 0.362914 0.404528 0.036443 0.122611 20
0 0.160099 0.500398 0.035667 0.143278 21
0 0.234625 0.472736 0.028458 0.142491 22
1 0.579992 0.403176 0.027474 0.136796 23
1 0.175513 0.422241 0.040005 0.127000 24
6 0.165586 0.272116 0.013839 0.068694 25
6 0.707661 0.875662 0.206417 0.248676 26
