2 0.661992 0.448819 0.037057 0.077509 0
0 0.486695 0.394940 0.031818 0.141583 1
0 0.160839 0.426491 0.030052 0.186315 2
0 0.146234 0.474042 0.033906 0.131361 3
6 0.459885 0.402648 0.040906 0.162852 4
0 0.133714 0.443560 0.050031 0.196843 5
0 0.053956 0.805407 0.039505 0.176315 6
0 0.289948 0.454699 0.033000 0.123991 7
0 0.630052 0.411310 0.043490 0.194046 8
0 0.193440 0.670282 0.307807 0.557213 9
0 0.744276 0.405972 0.040563 0.184630 10
0 0.630789 0.481796 0.061641 0.220093 11
0 0.762823 0.423208 0.057219 0.205157 12
0 0.204643 0.413829 0.053380 0.198731 13
0 0.471917 0.452088 0.055333 0.212991 14
0 0.085039 0.473569 0.143495 0.412602 15
6 0.365857 0.531204 0.286620 0.936111 16
0 0.480424 0.483495 0.096609 0.302343 17
0 0.250451 0.433032 0.052411 0.225602 19
0 0.526349 0.469481 0.500219 0.501685 20
0 0.441646 0.623722 0.064906 0.218130 21
0 0.689021 0.538185 0.104802 0.232889 22
1 0.828779 0.408602 0.031797 0.139722 23
1 0.300940 0.372556 0.055161 0.150667 24
6 0.767646 0.139731 0.015500 0.072278 25
6 0.228357 0.788241 0.210870 0.422204 26
