2 0.703115 0.605722 0.027313 0.049167 0
0 0.704242 0.728523 0.039141 0.166046 1
0 0.711458 0.434806 0.032458 0.140037 2
0 0.432482 0.367412 0.027620 0.127194 3
6 0.456536 0.183769 0.030302 0.074889 4
0 0.661112 0.475694 0.410484 0.316574 5
0 0.523917 0.169231 0.019437 0.082981 6
0 0.606742 0.241056 0.176297 0.477333 7
0 0.692565 0.500375 0.037099 0.117694 8
0 0.809854 0.259019 0.025479 0.105130 9
0 0.654245 0.547005 0.033406 0.130380 10
0 0.494297 0.317852 0.026958 0.113241 11
0 0.091641 0.711093 0.068865 0.170778 12
0 0.829302 0.192014 0.272771 0.376713 13
0 0.177792 0.444917 0.027750 0.117796 14
0 0.341339 0.298537 0.032448 0.110704 15
6 0.618758 0.378903 0.029443 0.119083 16
0 0.280596 0.477347 0.034703 0.138954 17
0 0.318841 0.449861 0.052745 0.131648 19
0 0.314740 0.525880 0.198437 0.948241 20
0 0.456904 0.269611 0.030630 0.103519 21
0 0.447898 0.248602 0.024901 0.111278 22
1 0.309099 0.183491 0.022510 0.064778 23
1 0.477914 0.338745 0.033245 0.115398 24
6 0.083648 0.183213 0.016161 0.089370 25
6 0.299427 0.500009 0.538229 0.996278 26
0 0.388901 0.293250 0.033927 0.119907 27
