2 0.315807 0.619329 0.061302 0.116157 0
0 0.477508 0.561681 0.048099 0.214176 1
0 0.365591 0.469139 0.051745 0.295148 2
0 0.232070 0.573606 0.035943 0.152972 3
6 0.674312 0.529000 0.046625 0.179852 4
0 0.189898 0.217977 0.069286 0.247694 5
0 0.090867 0.744875 0.041891 0.170954 6
0 0.152799 0.524847 0.032151 0.138565 7
0 0.741148 0.494556 0.050193 0.225111 8
0 0.033484 0.382634 0.060094 0.298306 9
0 0.703073 0.519968 0.054802 0.234769 10
0 0.518755 0.408880 0.088635 0.340463 11
0 0.678138 0.530356 0.055193 0.235083 12
0 0.289003 0.208329 0.069964 0.244787 13
0 0.312956 0.519884 0.075234 0.347454 14
0 0.043214 0.523329 0.086073 0.430935 15
6 0.620815 0.487537 0.156807 0.546981 16
0 0.717034 0.551176 0.295099 0.650426 17
0 0.317867 0.389708 0.093349 0.526324 19
0 0.692635 0.524546 0.289938 0.641463 20
0 0.255888 0.682014 0.200474 0.373509 21
0 0.491323 0.726310 0.148906 0.305509 22
1 0.826357 0.455861 0.029474 0.138833 23
1 0.407086 0.385417 0.055318 0.197944 24
6 0.772667 0.137398 0.015583 0.072556 25
6 0.245586 0.718370 0.290224 0.561370 26
