2 0.407508 0.420662 0.009724 0.017194 0
0 0.499250 0.302500 0.022052 0.071352 1
0 0.350297 0.530361 0.091729 0.412278 2
0 0.132047 0.443773 0.027250 0.097324 3
6 0.185437 0.302884 0.013771 0.050676 4
0 0.184104 0.497236 0.030406 0.102620 5
0 0.224383 0.613741 0.042745 0.130667 6
0 0.198328 0.472375 0.026771 0.099620 7
0 0.364997 0.349829 0.023589 0.080287 8
0 0.290500 0.373847 0.024240 0.077491 9
0 0.398008 0.391116 0.024547 0.087769 10
0 0.116479 0.503426 0.036156 0.117037 11
0 0.352375 0.381981 0.021604 0.099370 12
0 0.036359 0.573421 0.032083 0.140102 13
0 0.374841 0.391532 0.024870 0.082491 14
0 0.433398 0.474778 0.031151 0.114537 15
6 0.303367 0.405750 0.016984 0.092148 16
0 0.272680 0.423755 0.027328 0.111843 17
0 0.351216 0.457755 0.028870 0.122824 19
0 0.447378 0.408815 0.030089 0.104778 20
0 0.271883 0.533167 0.036078 0.130148 21
0 0.332805 0.496509 0.027828 0.125500 22
1 0.637195 0.417083 0.027182 0.129722 23
1 0.167021 0.415880 0.039354 0.125630 24
6 0.196885 0.283264 0.013083 0.063565 25
6 0.562380 0.849704 0.369542 0.300593 26
