2 0.139859 0.571069 0.031740 0.052676 0
0 0.274510 0.707606 0.031417 0.114972 1
0 0.381135 0.703356 0.017833 0.092361 2
0 0.153880 0.703222 0.037135 0.124852 3
6 0.762047 0.226722 0.027812 0.066815 4
0 0.484904 0.705898 0.019359 0.079130 5
0 0.655456 0.715144 0.011484 0.046009 6
0 0.315263 0.713167 0.017391 0.067926 7
0 0.351690 0.716171 0.026922 0.064139 8
0 0.567388 0.475824 0.032401 0.117019 9
0 0.119826 0.712315 0.023193 0.100926 10
0 0.791768 0.500537 0.042411 0.124741 11
0 0.021096 0.719014 0.023328 0.073269 12
0 0.523711 0.705634 0.020703 0.085583 13
0 0.499904 0.376292 0.027328 0.109046 14
0 0.623214 0.331375 0.027365 0.108787 15
6 0.423878 0.711667 0.014224 0.054074 16
0 0.285315 0.296569 0.031245 0.107231 17
0 0.544773 0.569861 0.047193 0.142667 18
0 0.674630 0.296069 0.024688 0.103898 19
0 0.282648 0.209190 0.024005 0.087454 20
0 0.745203 0.845995 0.068417 0.189991 21
0 0.678490 0.303208 0.031448 0.111565 22
1 0.840263 0.594782 0.026380 0.120361 23
1 0.301083 0.628144 0.263146 0.165009 24
