2 0.917385 0.698542 0.012813 0.025491 0
0 0.474823 0.467282 0.023010 0.086009 1
0 0.352953 0.558657 0.481177 0.882685 2
0 0.318648 0.407366 0.020922 0.087750 3
6 0.431560 0.220005 0.025734 0.089583 4
0 0.465651 0.562685 0.026323 0.095870 5
0 0.607591 0.670176 0.037141 0.157019 6
0 0.230333 0.511306 0.280813 0.856963 7
0 0.524341 0.477292 0.027911 0.087787 8
0 0.869680 0.514537 0.255328 0.790296 9
0 0.606685 0.393139 0.023411 0.090370 10
0 0.330964 0.551931 0.039573 0.135472 11
0 0.272724 0.247306 0.030417 0.100241 12
0 0.401966 0.560347 0.033443 0.103269 13
0 0.334427 0.447921 0.121698 0.414157 14
0 0.296555 0.445894 0.022557 0.118750 15
6 0.281070 0.412491 0.034224 0.119574 16
0 0.242716 0.365991 0.044089 0.220944 17
0 0.405273 0.354907 0.029099 0.112167 19
0 0.394523 0.446778 0.244109 0.371130 20
0 0.656279 0.621824 0.040255 0.159000 21
0 0.820937 0.476042 0.028531 0.135546 22
1 0.558891 0.245069 0.022302 0.097935 23
1 0.200469 0.376181 0.037177 0.129694 24
6 0.790234 0.129241 0.015865 0.073500 25
6 0.299427 0.500009 0.538229 0.996278 26
