2 0.514417 0.424708 0.009917 0.017306 0
0 0.265029 0.342741 0.024245 0.096611 1
0 0.172529 0.383755 0.026047 0.105417 2
0 0.346339 0.370301 0.036375 0.100750 3
6 0.384271 0.156940 0.020958 0.060713 4
0 0.391721 0.582394 0.354578 0.832009 5
0 0.192497 0.569847 0.028703 0.120120 6
0 0.460055 0.358634 0.025547 0.096639 7
0 0.176628 0.453384 0.033724 0.107083 8
0 0.492180 0.422653 0.028818 0.092065 9
0 0.298031 0.267819 0.022844 0.080343 10
0 0.793302 0.473532 0.026010 0.094269 11
0 0.498474 0.569120 0.561177 0.861759 12
0 0.148250 0.430926 0.041677 0.102741 13
0 0.641193 0.386440 0.027198 0.079935 14
0 0.773945 0.383481 0.025266 0.082352 15
6 0.456086 0.506870 0.034266 0.111333 16
0 0.574094 0.285694 0.023802 0.081685 17
0 0.941448 0.357741 0.020177 0.088556 19
0 0.762708 0.551111 0.474583 0.897778 20
0 0.531620 0.707185 0.050937 0.142926 21
0 0.744065 0.389106 0.037672 0.125694 22
1 0.756401 0.471606 0.024646 0.112398 23
1 0.381391 0.382769 0.032333 0.118537 24
