2 0.804474 0.717315 0.012979 0.026426 0
0 0.388560 0.439153 0.025943 0.094898 1
0 0.255062 0.494282 0.224812 0.666139 2
0 0.273021 0.360213 0.022573 0.093481 3
6 0.405549 0.186898 0.023495 0.079907 4
0 0.441870 0.558778 0.031260 0.108833 5
0 0.422195 0.641556 0.036589 0.154130 6
0 0.307396 0.500000 0.544687 1.000000 7
0 0.436581 0.449671 0.033339 0.098157 8
0 0.837812 0.498935 0.324375 0.997870 9
0 0.501456 0.340199 0.022776 0.089250 10
0 0.571706 0.517176 0.036974 0.129685 11
0 0.352919 0.228662 0.028411 0.093009 12
0 0.358974 0.556398 0.040219 0.116481 13
0 0.663458 0.499259 0.399854 0.994222 14
0 0.517781 0.437787 0.027094 0.117130 15
6 0.419628 0.428602 0.032859 0.120093 16
0 0.343104 0.433046 0.103344 0.535574 17
0 0.504029 0.348403 0.030203 0.111102 19
0 0.388698 0.497852 0.774896 0.995704 20
0 0.645552 0.649361 0.040375 0.161889 21
0 0.753331 0.392787 0.026859 0.122148 22
1 0.509466 0.261778 0.023297 0.096519 23
1 0.173565 0.374741 0.035078 0.120444 24
6 0.792117 0.128366 0.015901 0.073602 25
6 0.299427 0.500009 0.538229 0.996278 26
