2 0.523599 0.838759 0.062177 0.111000 0
0 0.704667 0.681292 0.036260 0.158157 1
0 0.513164 0.429093 0.033141 0.159667 2
0 0.497456 0.374671 0.028047 0.130417 3
6 0.531005 0.183829 0.029667 0.075269 4
0 0.701911 0.546519 0.243156 0.731037 5
0 0.593474 0.193051 0.020510 0.087806 6
0 0.343779 0.322963 0.251193 0.645926 7
0 0.629789 0.523537 0.038995 0.125278 8
0 0.845987 0.269870 0.026328 0.109481 9
0 0.634029 0.550556 0.033120 0.134352 10
0 0.598125 0.294671 0.026823 0.112231 11
0 0.095677 0.647366 0.059656 0.162676 12
0 0.688828 0.515745 0.177760 0.865787 13
0 0.321805 0.371796 0.027849 0.113019 14
0 0.451026 0.242218 0.028844 0.105194 15
6 0.664919 0.364102 0.029182 0.117241 16
0 0.285349 0.391042 0.031198 0.128565 17
0 0.321786 0.366005 0.044219 0.123602 19
0 0.314740 0.525880 0.198437 0.948241 20
0 0.571612 0.258667 0.029120 0.105167 21
0 0.532112 0.215944 0.023255 0.106019 22
1 0.331307 0.145130 0.019281 0.055222 23
1 0.518484 0.394588 0.039823 0.116509 24
6 0.114062 0.192144 0.016542 0.088861 25
6 0.299427 0.500009 0.538229 0.996278 26
0 0.457669 0.236056 0.030432 0.112407 27
