2 0.261633 0.614690 0.014964 0.025028 0
0 0.305255 0.705213 0.026781 0.100685 1
0 0.395669 0.706153 0.019484 0.079213 2
0 0.179526 0.704935 0.030604 0.105815 3
6 0.758182 0.226833 0.027813 0.066815 4
0 0.478719 0.708935 0.019625 0.073981 5
0 0.644531 0.715162 0.011021 0.041713 6
0 0.379289 0.713375 0.015974 0.060843 7
0 0.320828 0.721787 0.029365 0.058093 8
0 0.612258 0.477926 0.034005 0.118074 9
0 0.209760 0.674949 0.024625 0.102713 10
0 0.808125 0.520648 0.041417 0.124741 11
0 0.041263 0.720060 0.024036 0.068398 12
0 0.521521 0.705875 0.016813 0.070509 13
0 0.545167 0.384958 0.027292 0.109657 14
0 0.645693 0.333815 0.027896 0.108759 15
6 0.478940 0.689079 0.016922 0.060657 16
0 0.344125 0.301199 0.031854 0.107694 17
0 0.529130 0.570903 0.047573 0.142157 18
0 0.666656 0.305866 0.025000 0.104917 19
0 0.340826 0.211847 0.024911 0.088472 20
0 0.756378 0.829810 0.067047 0.187991 21
0 0.673036 0.315741 0.031604 0.111981 22
1 0.838034 0.588593 0.026380 0.120352 23
1 0.417552 0.684028 0.168333 0.264722 24
