2 0.289930 0.698431 0.008203 0.015176 0
0 0.332401 0.710352 0.025552 0.081407 1
0 0.415276 0.708940 0.019479 0.079213 2
0 0.207299 0.707662 0.030089 0.092454 3
6 0.754323 0.226944 0.027813 0.066815 4
0 0.484245 0.708472 0.014740 0.073056 5
0 0.642354 0.715806 0.011021 0.041722 6
0 0.385247 0.712958 0.012526 0.057787 7
0 0.314951 0.722069 0.020411 0.055306 8
0 0.657133 0.480032 0.035609 0.119120 9
0 0.299695 0.637588 0.026047 0.104509 10
0 0.824484 0.540759 0.040427 0.124741 11
0 0.153612 0.671356 0.026318 0.071972 12
0 0.528781 0.709745 0.016813 0.070509 13
0 0.590430 0.393630 0.027255 0.110259 14
0 0.668174 0.336255 0.028422 0.108731 15
6 0.534003 0.666491 0.019620 0.067241 16
0 0.402935 0.305833 0.032464 0.108148 17
0 0.513484 0.571944 0.047958 0.141648 18
0 0.658685 0.315667 0.025318 0.105926 19
0 0.399000 0.214505 0.025813 0.089491 20
0 0.767552 0.813625 0.065677 0.185991 21
0 0.667586 0.328273 0.031755 0.112380 22
1 0.835807 0.582398 0.026375 0.120352 23
1 0.484911 0.698083 0.103615 0.225870 24
