2 0.584969 0.709560 0.033042 0.060231 0
0 0.172279 0.332921 0.033932 0.120139 1
0 0.423826 0.496528 0.044255 0.152333 2
0 0.513484 0.497949 0.029260 0.144806 3
6 0.668958 0.215120 0.026604 0.071519 4
0 0.198852 0.567907 0.015026 0.096352 5
0 0.163138 0.669523 0.043380 0.162509 6
0 0.774659 0.479852 0.152766 0.694130 7
0 0.319091 0.247819 0.164078 0.276343 8
0 0.241422 0.490653 0.109771 0.315935 9
0 0.186383 0.329088 0.036328 0.122528 10
0 0.648857 0.505690 0.268922 0.355324 11
0 0.129779 0.254801 0.019359 0.093194 12
0 0.642299 0.515222 0.050057 0.157481 13
0 0.346398 0.534306 0.113661 0.407778 14
0 0.588393 0.501444 0.404495 0.997111 15
6 0.378484 0.549630 0.357177 0.900741 16
0 0.151461 0.215819 0.024474 0.106194 17
0 0.755784 0.378407 0.027609 0.128407 19
0 0.589435 0.314532 0.022401 0.103120 20
0 0.913471 0.350731 0.043161 0.205741 21
0 0.982857 0.200417 0.034286 0.163185 22
1 0.927352 0.317481 0.026078 0.104296 23
1 0.387805 0.581204 0.056328 0.161204 24
6 0.038797 0.125162 0.018604 0.085861 25
