2 0.564224 0.564343 0.013406 0.023352 0
0 0.478451 0.512338 0.033495 0.144213 1
0 0.190870 0.438815 0.041250 0.156389 2
0 0.309526 0.407639 0.040771 0.153667 3
6 0.864206 0.247301 0.026661 0.070954 4
0 0.672164 0.402921 0.035151 0.141991 5
0 0.518542 0.399421 0.034375 0.142509 6
0 0.339076 0.383514 0.043036 0.138528 7
0 0.478448 0.510653 0.038281 0.159620 8
0 0.598414 0.327940 0.031328 0.129306 9
0 0.418687 0.486787 0.040937 0.123056 10
0 0.585034 0.301338 0.033714 0.131954 11
0 0.466206 0.452741 0.030922 0.122370 12
0 0.623201 0.420292 0.032234 0.148676 13
0 0.311068 0.501037 0.622135 0.997926 14
0 0.512620 0.488995 0.205802 0.293028 15
6 0.628776 0.500093 0.742448 0.997407 16
0 0.211435 0.258903 0.072547 0.339972 17
0 0.538596 0.250597 0.031370 0.108009 19
0 0.314740 0.525880 0.198437 0.948241 20
0 0.546336 0.322727 0.028443 0.136343 21
0 0.482896 0.059787 0.020156 0.068537 22
1 0.311768 0.328597 0.027255 0.090880 23
1 0.148365 0.631537 0.048896 0.174389 24
6 0.748818 0.192171 0.015958 0.079454 25
6 0.299427 0.500009 0.538229 0.996278 26
