2 0.673346 0.685435 0.070286 0.121722 0
0 0.758823 0.550185 0.204396 0.699000 1
0 0.814716 0.436148 0.029495 0.135907 2
0 0.628289 0.408134 0.031151 0.128787 3
6 0.397370 0.445417 0.110052 0.300833 4
0 0.661112 0.475694 0.410484 0.316574 5
0 0.551773 0.472773 0.030432 0.053231 6
0 0.856596 0.421958 0.028016 0.107157 7
0 0.682349 0.472759 0.027719 0.132778 8
0 0.344664 0.575157 0.030484 0.081093 9
0 0.867172 0.483005 0.104333 0.440509 10
0 0.748888 0.418032 0.018786 0.123194 11
0 0.859617 0.488880 0.013891 0.090241 12
0 0.796854 0.327028 0.023563 0.094000 13
0 0.688253 0.507981 0.028318 0.132241 14
0 0.143260 0.398144 0.139729 0.580009 15
6 0.649612 0.537227 0.026536 0.080083 16
0 0.535417 0.416204 0.249062 0.832407 17
0 0.072526 0.402639 0.145052 0.693981 19
0 0.314740 0.525880 0.198437 0.948241 20
0 0.563172 0.467991 0.124448 0.307259 21
0 0.488112 0.416449 0.032609 0.126694 22
1 0.673180 0.527426 0.055516 0.259278 23
1 0.412917 0.285690 0.033958 0.116028 24
6 0.801318 0.195736 0.014229 0.070991 25
6 0.299427 0.500009 0.538229 0.996278 26
0 0.889633 0.326079 0.042245 0.041491 27
0 0.746943 0.247134 0.021073 0.082713 28
