2 0.575911 0.822051 0.061198 0.108120 0
0 0.704878 0.657681 0.034818 0.154213 1
0 0.414016 0.426236 0.033479 0.169472 2
0 0.529943 0.378306 0.028260 0.132019 3
6 0.568242 0.183861 0.029349 0.075463 4
0 0.733516 0.497981 0.270469 0.742185 5
0 0.628253 0.204963 0.021047 0.090204 6
0 0.228794 0.257037 0.250536 0.514074 7
0 0.598401 0.535116 0.039948 0.129065 8
0 0.864052 0.275296 0.026750 0.111667 9
0 0.623919 0.552338 0.032984 0.136343 10
0 0.650039 0.283074 0.026745 0.111722 11
0 0.097695 0.615500 0.055047 0.158630 12
0 0.441797 0.529657 0.227240 0.889333 13
0 0.393810 0.335231 0.027901 0.110630 14
0 0.505872 0.214060 0.027047 0.102435 15
6 0.688000 0.356699 0.029052 0.116324 16
0 0.287724 0.347889 0.029448 0.123370 17
0 0.323260 0.324074 0.039958 0.119574 19
0 0.314740 0.525880 0.198437 0.948241 20
0 0.628964 0.253194 0.028365 0.106000 21
0 0.574221 0.199616 0.022432 0.103398 22
1 0.342414 0.125954 0.017661 0.050444 23
1 0.538768 0.422505 0.043109 0.117065 24
6 0.129271 0.196606 0.016729 0.088620 25
6 0.299427 0.500009 0.538229 0.996278 26
0 0.492057 0.207463 0.028687 0.108667 27
