2 0.683385 0.442472 0.023958 0.049019 0
0 0.492211 0.375472 0.031068 0.131981 1
0 0.135245 0.421162 0.027344 0.172713 2
0 0.135503 0.461597 0.033651 0.128657 3
6 0.429474 0.379190 0.038073 0.150102 4
0 0.126690 0.471759 0.047630 0.190500 5
0 0.049339 0.812977 0.039208 0.176991 6
0 0.307089 0.445931 0.033104 0.122157 7
0 0.614719 0.391347 0.040594 0.176806 8
0 0.209659 0.653944 0.262661 0.487667 9
0 0.733630 0.385875 0.040219 0.166843 10
0 0.644792 0.490912 0.058271 0.205046 11
0 0.758120 0.404810 0.054396 0.184417 12
0 0.194099 0.439514 0.051302 0.192972 13
0 0.491786 0.443611 0.052844 0.196185 14
0 0.086055 0.468157 0.119307 0.339074 15
6 0.342448 0.613750 0.247604 0.768241 16
0 0.492680 0.466426 0.066495 0.183296 17
0 0.242023 0.438449 0.047297 0.188009 19
0 0.529992 0.419708 0.269391 0.321565 20
0 0.464867 0.616440 0.047964 0.198713 21
0 0.712193 0.474898 0.070323 0.186778 22
1 0.829081 0.402694 0.032089 0.139833 23
1 0.287672 0.370944 0.055135 0.144759 24
6 0.767018 0.140023 0.015495 0.072250 25
6 0.226203 0.796977 0.200948 0.404806 26
