2 0.368492 0.417528 0.008620 0.015315 0
0 0.527260 0.318458 0.021281 0.063213 1
0 0.328526 0.519764 0.088312 0.388676 2
0 0.146299 0.439944 0.026505 0.088278 3
6 0.166841 0.306259 0.013276 0.049870 4
0 0.200133 0.495565 0.027682 0.092241 5
0 0.224664 0.643579 0.039661 0.120991 6
0 0.200503 0.469736 0.025964 0.090398 7
0 0.406557 0.363370 0.019771 0.072759 8
0 0.303729 0.382491 0.018708 0.069370 9
0 0.511974 0.397898 0.022844 0.076796 10
0 0.160112 0.513352 0.035380 0.100056 11
0 0.483081 0.383602 0.018578 0.081870 12
0 0.039924 0.568310 0.033401 0.138009 13
0 0.385398 0.402065 0.022359 0.074574 14
0 0.487388 0.504375 0.026901 0.097843 15
6 0.363143 0.415625 0.016349 0.082880 16
0 0.393273 0.435810 0.022224 0.094454 17
0 0.470505 0.473324 0.024792 0.106593 19
0 0.531841 0.413102 0.023745 0.086944 20
0 0.383669 0.565931 0.036495 0.117028 21
0 0.430987 0.520282 0.027193 0.108509 22
1 0.694398 0.430991 0.026901 0.122648 23
1 0.158529 0.409523 0.038703 0.124269 24
6 0.228182 0.294421 0.012323 0.058435 25
6 0.417099 0.823741 0.532677 0.352519 26
