2 0.535352 0.518477 0.055682 0.093380 0
0 0.459117 0.492287 0.035599 0.189630 1
0 0.288810 0.453148 0.043609 0.254333 2
0 0.199880 0.536273 0.035177 0.144861 3
6 0.611932 0.519940 0.055083 0.226565 4
0 0.168828 0.302569 0.062063 0.228620 5
0 0.077023 0.767574 0.040995 0.172963 6
0 0.204229 0.498542 0.032469 0.133102 7
0 0.706737 0.511106 0.057953 0.280250 8
0 0.027810 0.360032 0.052182 0.334676 9
0 0.797516 0.506463 0.042292 0.273537 10
0 0.560768 0.436218 0.078516 0.295324 11
0 0.786346 0.515218 0.071328 0.308880 12
0 0.257367 0.285389 0.063745 0.227519 13
0 0.372568 0.494458 0.067771 0.297028 14
0 0.060703 0.504319 0.121052 0.454583 15
6 0.561776 0.493769 0.218010 0.773500 16
0 0.343961 0.534653 0.254401 0.622546 17
0 0.292586 0.405954 0.077995 0.413556 19
0 0.654305 0.500167 0.288266 0.999667 20
0 0.325547 0.660153 0.149635 0.315250 21
0 0.570091 0.775088 0.219266 0.389361 22
1 0.827266 0.438139 0.030344 0.139167 23
1 0.367281 0.380593 0.055260 0.180222 24
6 0.770781 0.138273 0.015552 0.072454 25
6 0.239125 0.744574 0.260469 0.509185 26
