2 0.324776 0.453509 0.012115 0.022037 0
0 0.475133 0.423731 0.030193 0.133981 1
0 0.329964 0.423208 0.032125 0.138269 2
0 0.485784 0.446944 0.053078 0.134593 3
6 0.672750 0.172375 0.025500 0.075324 4
0 0.603464 0.608056 0.413281 0.783889 5
0 0.319362 0.516139 0.034245 0.139389 6
0 0.598281 0.418069 0.035812 0.132194 7
0 0.258341 0.584384 0.045505 0.150917 8
0 0.578534 0.457069 0.039547 0.123880 9
0 0.446792 0.348843 0.029802 0.116167 10
0 0.841534 0.484222 0.030151 0.102963 11
0 0.683865 0.476625 0.214448 0.377139 12
0 0.199440 0.476412 0.043568 0.143528 13
0 0.663805 0.395870 0.029484 0.090389 14
0 0.826758 0.393181 0.029391 0.090454 15
6 0.695391 0.572556 0.042490 0.150463 16
0 0.697190 0.302912 0.030349 0.093750 17
0 0.895836 0.342968 0.020880 0.090972 19
0 0.811159 0.443384 0.327089 0.627750 20
0 0.773005 0.614009 0.044104 0.162852 21
0 0.734128 0.368931 0.036484 0.122991 22
1 0.772458 0.496255 0.024958 0.113843 23
1 0.478365 0.405861 0.033448 0.140500 24
