2 0.721357 0.319722 0.011495 0.018870 0
0 0.289133 0.417509 0.032578 0.099870 1
0 0.118055 0.436176 0.032380 0.130352 2
0 0.200112 0.454801 0.039078 0.121231 3
6 0.191237 0.198954 0.025953 0.075444 4
0 0.086711 0.457162 0.039880 0.106343 5
0 0.053523 0.560639 0.045453 0.164500 6
0 0.248539 0.491120 0.034266 0.113426 7
0 0.470042 0.430380 0.027396 0.081741 8
0 0.312195 0.591963 0.035755 0.120333 9
0 0.526188 0.301546 0.024073 0.075296 10
0 0.200646 0.398250 0.037240 0.090000 11
0 0.360221 0.320972 0.037641 0.093981 12
0 0.050008 0.447819 0.030828 0.137102 13
0 0.271148 0.356519 0.040724 0.095630 14
0 0.121687 0.422625 0.041375 0.108269 15
6 0.091771 0.363167 0.029604 0.101907 16
0 0.560234 0.585741 0.442969 0.828519 17
0 0.388641 0.521773 0.040115 0.128083 18
0 0.436789 0.391546 0.039203 0.110204 19
0 0.521732 0.312301 0.021891 0.082250 20
0 0.462305 0.507338 0.043411 0.127917 21
0 0.583807 0.405736 0.038865 0.105120 22
1 0.861594 0.429037 0.038021 0.116667 23
