2 0.879747 0.704796 0.012870 0.025796 0
0 0.446068 0.457903 0.023990 0.088972 1
0 0.297435 0.555463 0.299714 0.889074 2
0 0.303440 0.391644 0.021474 0.089657 3
6 0.422891 0.208968 0.024990 0.086361 4
0 0.457724 0.561384 0.027969 0.100194 5
0 0.545792 0.660639 0.036958 0.156056 6
0 0.197549 0.505653 0.305172 0.928472 7
0 0.495089 0.468083 0.029719 0.091241 8
0 0.859057 0.509338 0.278344 0.859491 9
0 0.571609 0.375491 0.023198 0.090000 10
0 0.411211 0.540347 0.038703 0.133546 11
0 0.299456 0.241093 0.029755 0.097833 12
0 0.387635 0.559028 0.035698 0.107667 13
0 0.587188 0.473875 0.220906 0.705769 14
0 0.370299 0.443190 0.024068 0.118213 15
6 0.327255 0.417856 0.033771 0.119750 16
0 0.276180 0.388343 0.063839 0.325815 17
0 0.438190 0.352741 0.029464 0.111815 19
0 0.479854 0.473949 0.447865 0.684454 20
0 0.652703 0.631005 0.040292 0.159972 21
0 0.798401 0.448292 0.027979 0.131083 22
1 0.542417 0.250639 0.022635 0.097463 23
1 0.191500 0.375699 0.036479 0.126602 24
6 0.790862 0.128944 0.015880 0.073537 25
6 0.299427 0.500009 0.538229 0.996278 26
