2 0.493393 0.646704 0.055682 0.093389 0
0 0.453604 0.511755 0.036354 0.199231 1
0 0.314404 0.458477 0.046318 0.267935 2
0 0.210612 0.548718 0.035432 0.147565 3
6 0.642344 0.543398 0.057917 0.239315 4
0 0.175852 0.274370 0.064474 0.234981 5
0 0.081641 0.760005 0.041292 0.172287 6
0 0.187086 0.507310 0.032359 0.134917 7
0 0.722076 0.531069 0.060849 0.297491 8
0 0.029701 0.367565 0.054818 0.322556 9
0 0.808161 0.526560 0.042635 0.291324 10
0 0.546763 0.427106 0.081891 0.310380 11
0 0.791049 0.533616 0.074151 0.329620 12
0 0.267914 0.259704 0.065818 0.233278 13
0 0.352695 0.502935 0.070255 0.313833 14
0 0.054872 0.510657 0.109391 0.446704 15
6 0.581456 0.491690 0.197609 0.697991 16
0 0.336732 0.513787 0.216484 0.616130 17
0 0.301013 0.400537 0.083109 0.451148 19
0 0.565427 0.531347 0.205708 0.554713 20
0 0.302328 0.667440 0.166583 0.334676 21
0 0.543836 0.758829 0.195818 0.361417 22
1 0.826961 0.444046 0.030057 0.139056 23
1 0.380549 0.382204 0.055276 0.186130 24
6 0.771411 0.137981 0.015562 0.072481 25
6 0.241279 0.735838 0.270391 0.526583 26
