2 0.120714 0.738028 0.040812 0.069500 0
0 0.342060 0.238634 0.031078 0.119454 1
0 0.465354 0.525560 0.020635 0.126472 2
0 0.489404 0.514208 0.015964 0.116769 3
6 0.557375 0.235375 0.023646 0.066713 4
0 0.392128 0.501583 0.018901 0.103019 5
0 0.444883 0.562653 0.022599 0.120954 6
0 0.514680 0.602181 0.123849 0.254343 7
0 0.462677 0.456116 0.045146 0.142120 8
0 0.976016 0.293375 0.047969 0.579546 9
0 0.297138 0.435273 0.029609 0.101935 10
0 0.385469 0.538157 0.368542 0.923685 11
0 0.452247 0.490824 0.015526 0.109074 12
0 0.505771 0.531236 0.021448 0.125491 13
0 0.437380 0.561176 0.053219 0.229500 14
0 0.176615 0.669676 0.353229 0.656944 15
6 0.101906 0.386032 0.034344 0.125083 16
0 0.434049 0.442560 0.019568 0.081713 17
0 0.498216 0.481727 0.019339 0.114120 19
0 0.487687 0.480593 0.014719 0.099759 20
0 0.554987 0.498889 0.018974 0.127370 21
0 0.664828 0.537037 0.023115 0.138889 22
1 0.937266 0.466264 0.024156 0.113398 23
1 0.336854 0.543051 0.052406 0.152991 24
6 0.082466 0.125833 0.017984 0.082778 25
