2 0.525219 0.727870 0.066354 0.118907 0
0 0.362109 0.405458 0.026552 0.092546 1
0 0.079581 0.330954 0.027901 0.115056 2
0 0.144154 0.346218 0.031911 0.110676 3
6 0.154844 0.216074 0.026854 0.082444 4
0 0.044914 0.440681 0.039880 0.106343 5
0 0.052172 0.631500 0.045458 0.164500 6
0 0.090682 0.544181 0.033323 0.110102 7
0 0.442492 0.403606 0.027391 0.081731 8
0 0.138974 0.636824 0.035760 0.125148 9
0 0.407685 0.514287 0.191401 0.563870 10
0 0.145323 0.359264 0.037000 0.110213 11
0 0.367966 0.272968 0.037641 0.099676 12
0 0.038393 0.396690 0.028495 0.128472 13
0 0.166971 0.307329 0.046568 0.099454 14
0 0.163167 0.373648 0.046813 0.111981 15
6 0.167471 0.347579 0.043859 0.115120 16
0 0.590167 0.356343 0.044479 0.114019 17
0 0.487081 0.508667 0.063307 0.138778 18
0 0.328073 0.346079 0.040927 0.111509 19
0 0.360750 0.534718 0.250073 0.739269 20
0 0.562297 0.506083 0.058448 0.148241 21
0 0.678336 0.384287 0.046734 0.123519 22
