2 0.388971 0.531472 0.029182 0.036648 0
0 0.704852 0.542282 0.015182 0.062324 1
0 0.586732 0.569625 0.137099 0.267213 2
0 0.440315 0.533097 0.016536 0.072454 3
6 0.500917 0.308287 0.031698 0.115370 4
0 0.529068 0.573083 0.013146 0.061296 5
0 0.410081 0.627199 0.022245 0.090046 6
0 0.492607 0.556532 0.085932 0.284806 7
0 0.758365 0.550940 0.013427 0.060139 8
0 0.954659 0.556153 0.071203 0.236750 9
0 0.887299 0.534315 0.025109 0.093370 10
0 0.456138 0.579014 0.021547 0.078806 11
0 0.598167 0.455176 0.030240 0.100056 12
0 0.516617 0.570875 0.015370 0.068009 13
0 0.730378 0.750472 0.122964 0.243000 14
0 0.687831 0.632301 0.205953 0.349472 15
6 0.071823 0.394426 0.035802 0.119759 16
0 0.415990 0.609676 0.525208 0.777500 17
0 0.715089 0.518764 0.046583 0.107565 19
0 0.760898 0.528185 0.043203 0.098593 20
0 0.418883 0.627093 0.029557 0.116222 21
0 0.593253 0.555431 0.026203 0.095306 22
1 0.584516 0.503981 0.240073 0.243574 23
1 0.272208 0.380009 0.042771 0.154333 24
6 0.785216 0.131569 0.015786 0.073231 25
6 0.288659 0.543681 0.488630 0.909306 26
