2 0.529154 0.762042 0.042620 0.079102 0
0 0.200576 0.317208 0.033453 0.120028 1
0 0.430747 0.501370 0.040318 0.148019 2
0 0.509469 0.500657 0.027042 0.140130 3
6 0.650359 0.218491 0.026115 0.070722 4
0 0.231063 0.556852 0.015667 0.097463 5
0 0.210094 0.651713 0.039917 0.155593 6
0 0.898698 0.500852 0.202604 0.998296 7
0 0.375503 0.177977 0.227745 0.354417 8
0 0.298492 0.514588 0.151734 0.408620 9
0 0.204841 0.346782 0.035214 0.119102 10
0 0.511049 0.548653 0.499776 0.643250 11
0 0.183526 0.294134 0.018719 0.095843 12
0 0.619547 0.517889 0.045292 0.152148 13
0 0.225516 0.596144 0.156312 0.545898 14
0 0.456117 0.625042 0.305182 0.749917 15
6 0.290641 0.430315 0.281438 0.711741 16
0 0.198557 0.253606 0.023656 0.102120 17
0 0.712857 0.395625 0.026234 0.126028 19
0 0.572477 0.342213 0.021120 0.102556 20
0 0.853724 0.375426 0.039135 0.192685 21
0 0.929852 0.256519 0.032422 0.159130 22
1 0.929003 0.342278 0.025755 0.105815 23
1 0.379310 0.574847 0.055672 0.159824 24
6 0.046076 0.125278 0.018495 0.085352 25
