2 0.174263 0.656426 0.022432 0.036037 0
0 0.398651 0.207208 0.030125 0.119231 1
0 0.434044 0.537333 0.125974 0.752000 2
0 0.497891 0.466296 0.088698 0.760000 3
6 0.520182 0.242120 0.022656 0.065111 4
0 0.051711 0.321287 0.103036 0.642426 5
0 0.561276 0.620426 0.104948 0.717481 6
0 0.559016 0.610065 0.028531 0.128944 7
0 0.451250 0.465972 0.080417 0.721204 8
0 0.049154 0.560616 0.022786 0.115435 9
0 0.191518 0.371120 0.028495 0.098500 10
0 0.868234 0.659162 0.143427 0.681676 11
0 0.623060 0.545412 0.106995 0.702694 12
0 0.511094 0.569991 0.091563 0.761130 13
0 0.732422 0.590403 0.106510 0.727713 14
0 0.342286 0.413343 0.118760 0.669426 15
6 0.132440 0.545769 0.024182 0.111000 16
0 0.342232 0.332407 0.088974 0.664815 17
0 0.311289 0.359519 0.135755 0.718000 19
0 0.416094 0.421542 0.083646 0.685991 20
0 0.560404 0.500671 0.084401 0.739954 21
0 0.606263 0.601019 0.023516 0.129352 22
1 0.933227 0.499005 0.025786 0.108843 23
1 0.319870 0.530338 0.051104 0.150250 24
6 0.097023 0.126056 0.017776 0.081741 25
