2 0.331576 0.429176 0.015964 0.024741 0
0 0.293878 0.392394 0.025255 0.089843 1
0 0.089036 0.403245 0.050667 0.129046 2
0 0.320560 0.508083 0.035870 0.128815 3
6 0.317375 0.168995 0.019052 0.052694 4
0 0.054602 0.508588 0.052724 0.108435 5
0 0.214062 0.602861 0.045312 0.106000 6
0 0.470310 0.473394 0.029589 0.087898 7
0 0.541693 0.469120 0.023833 0.093648 8
0 0.123255 0.500000 0.246510 1.000000 9
0 0.179062 0.315111 0.055833 0.400519 10
0 0.560107 0.537157 0.028193 0.104148 11
0 0.591495 0.383394 0.024927 0.097676 12
0 0.079135 0.512097 0.047969 0.114972 13
0 0.683437 0.464282 0.023052 0.094324 14
0 0.727862 0.471477 0.033234 0.109398 15
6 0.611398 0.501944 0.029641 0.083889 16
0 0.649828 0.394236 0.019719 0.102269 17
0 0.544523 0.581583 0.031943 0.107685 19
0 0.770763 0.398824 0.024411 0.104759 20
0 0.515286 0.603079 0.035510 0.123194 21
0 0.780643 0.550556 0.026505 0.120796 22
1 0.204206 0.510606 0.081464 0.199139 23
1 0.065120 0.339579 0.031521 0.109213 24
6 0.685271 0.160324 0.015385 0.070667 25
6 0.202513 0.893056 0.091828 0.213444 26
