2 0.653924 0.742338 0.013203 0.027676 0
0 0.273547 0.401657 0.029854 0.106741 1
0 0.170326 0.371931 0.075005 0.220269 2
0 0.212188 0.297347 0.024760 0.101120 3
6 0.370870 0.142755 0.020510 0.067009 4
0 0.410161 0.553579 0.037844 0.126120 5
0 0.175003 0.603403 0.035859 0.150269 6
0 0.466336 0.400171 0.038036 0.334583 7
0 0.319570 0.412843 0.040578 0.111981 8
0 0.626794 0.646870 0.165495 0.347000 9
0 0.361148 0.269606 0.021922 0.087750 10
0 0.892693 0.470838 0.033510 0.121954 11
0 0.459846 0.203796 0.025745 0.083370 12
0 0.301648 0.551130 0.049255 0.134111 13
0 0.800786 0.396833 0.136135 0.324796 14
0 0.812753 0.426977 0.033141 0.114954 15
6 0.604372 0.450079 0.031047 0.120787 16
0 0.476953 0.522454 0.182344 0.955093 17
0 0.635701 0.339736 0.031672 0.109676 19
0 0.314740 0.525880 0.198437 0.948241 20
0 0.631258 0.686079 0.040536 0.165750 21
0 0.663185 0.281787 0.024620 0.104278 22
1 0.443568 0.284051 0.024615 0.094639 23
1 0.137698 0.372824 0.032281 0.108130 24
6 0.794628 0.127199 0.015943 0.073750 25
6 0.299427 0.500009 0.538229 0.996278 26
