2 0.559211 0.382148 0.008203 0.013611 0
0 0.784109 0.573690 0.167458 0.560750 1
0 0.799924 0.429574 0.030099 0.135519 2
0 0.546424 0.398287 0.030005 0.126796 3
6 0.480891 0.225250 0.022927 0.056537 4
0 0.661112 0.475694 0.410484 0.316574 5
0 0.600893 0.349991 0.023661 0.077981 6
0 0.931000 0.409356 0.024438 0.097824 7
0 0.689654 0.468958 0.028568 0.133398 8
0 0.906495 0.279514 0.034354 0.082231 9
0 0.953641 0.475481 0.038948 0.201204 10
0 0.724253 0.315134 0.025068 0.080102 11
0 0.979245 0.482421 0.026010 0.124657 12
0 0.880333 0.322949 0.022427 0.087528 13
0 0.969708 0.397292 0.031396 0.096528 14
0 0.786591 0.392778 0.038693 0.091667 15
6 0.946477 0.380264 0.023161 0.092065 16
0 0.857904 0.578444 0.034818 0.123667 17
0 0.709047 0.474532 0.047948 0.109639 19
0 0.314740 0.525880 0.198437 0.948241 20
0 0.488112 0.303306 0.018880 0.081722 21
0 0.821169 0.322333 0.034536 0.056259 22
1 0.141055 0.419569 0.040807 0.097269 23
1 0.412917 0.285690 0.033958 0.116028 24
6 0.887513 0.202310 0.013620 0.069639 25
6 0.299427 0.500009 0.538229 0.996278 26
0 0.582651 0.365458 0.027615 0.061491 27
0 0.715323 0.299625 0.027792 0.080694 28
