2 0.141281 0.489514 0.023604 0.039306 0
0 0.238661 0.703505 0.036010 0.136139 1
0 0.367034 0.702259 0.022182 0.104000 2
0 0.122802 0.693713 0.014875 0.091648 3
6 0.765911 0.226611 0.027813 0.066815 4
0 0.486727 0.705866 0.024464 0.090306 5
0 0.664687 0.716440 0.011490 0.046009 6
0 0.302513 0.711236 0.018620 0.072713 7
0 0.385078 0.710773 0.021823 0.072343 8
0 0.522516 0.473718 0.030792 0.115972 9
0 0.134310 0.704125 0.019401 0.082306 10
0 0.775409 0.480426 0.043401 0.124741 11
0 0.003359 0.714685 0.006719 0.062296 12
0 0.523112 0.703028 0.026797 0.097648 13
0 0.454638 0.367620 0.027359 0.108444 14
0 0.600732 0.328935 0.026839 0.108833 15
6 0.424232 0.715324 0.015911 0.048426 16
0 0.226505 0.291935 0.030635 0.106778 17
0 0.560414 0.568824 0.046807 0.143185 18
0 0.682602 0.286273 0.024370 0.102880 19
0 0.224474 0.206528 0.023104 0.086426 20
0 0.734034 0.862185 0.069786 0.192000 21
0 0.683943 0.290681 0.031292 0.111157 22
1 0.842492 0.600977 0.026380 0.120361 23
1 0.180026 0.757051 0.229219 0.247806 24
