2 0.572531 0.409037 0.008833 0.013963 0
0 0.809393 0.597194 0.130516 0.422519 1
0 0.785133 0.423005 0.030714 0.135139 2
0 0.464560 0.388444 0.028859 0.124815 3
6 0.424984 0.219685 0.025979 0.075704 4
0 0.661112 0.475694 0.410484 0.316574 5
0 0.622099 0.366625 0.024344 0.063750 6
0 0.943779 0.411185 0.028089 0.103611 7
0 0.696961 0.465153 0.029422 0.134028 8
0 0.724557 0.365139 0.022875 0.084204 9
0 0.425013 0.692463 0.403443 0.540796 10
0 0.801961 0.423125 0.027776 0.113565 11
0 0.962372 0.545370 0.041151 0.160389 12
0 0.934148 0.311750 0.022661 0.091074 13
0 0.734122 0.528306 0.046151 0.140204 14
0 0.546948 0.474074 0.372667 0.706537 15
6 0.790711 0.596602 0.046703 0.158167 16
0 0.440286 0.472963 0.356823 0.878889 17
0 0.633565 0.515324 0.031120 0.150056 19
0 0.314740 0.525880 0.198437 0.948241 20
0 0.429302 0.393477 0.036094 0.126231 21
0 0.507414 0.432014 0.028005 0.136306 22
1 0.397406 0.494398 0.049958 0.144889 23
1 0.412917 0.285690 0.033958 0.116028 24
6 0.316497 0.193023 0.017776 0.081750 25
6 0.299427 0.500009 0.538229 0.996278 26
0 0.347328 0.432528 0.028240 0.079907 27
0 0.753417 0.372148 0.028990 0.086167 28
