2 0.473339 0.814528 0.052198 0.097981 0
0 0.228872 0.301495 0.032974 0.119917 1
0 0.437667 0.506208 0.036385 0.143713 2
0 0.505456 0.503370 0.024828 0.135463 3
6 0.631763 0.221870 0.025620 0.069926 4
0 0.263276 0.545796 0.016312 0.098574 5
0 0.257052 0.633903 0.036448 0.148657 6
0 0.662589 0.557481 0.363469 0.650963 7
0 0.392938 0.233606 0.191229 0.311954 8
0 0.355563 0.538523 0.193698 0.501306 9
0 0.223302 0.364481 0.034094 0.115667 10
0 0.243620 0.580208 0.263698 0.476065 11
0 0.237271 0.333477 0.018083 0.098491 12
0 0.596792 0.520560 0.040521 0.146824 13
0 0.104633 0.657986 0.198964 0.684028 14
0 0.323841 0.748639 0.205859 0.502722 15
6 0.202797 0.310995 0.205698 0.522731 16
0 0.245659 0.291398 0.022839 0.098037 17
0 0.669930 0.412843 0.024849 0.123648 19
0 0.555518 0.369889 0.019839 0.102000 20
0 0.793977 0.400116 0.035099 0.179620 21
0 0.876849 0.312625 0.030563 0.155083 22
1 0.930656 0.367074 0.025437 0.107333 23
1 0.370820 0.568491 0.055016 0.158463 24
6 0.053354 0.125389 0.018396 0.084833 25
