2 0.766836 0.723565 0.013036 0.026741 0
0 0.359807 0.429782 0.026917 0.097861 1
0 0.233878 0.463694 0.187359 0.554667 2
0 0.257812 0.344495 0.023115 0.095398 3
6 0.396880 0.175861 0.022750 0.076685 4
0 0.433943 0.557481 0.032906 0.113148 5
0 0.360396 0.632019 0.036406 0.153167 6
0 0.040859 0.497852 0.081719 0.995704 7
0 0.407328 0.440463 0.035146 0.101611 8
0 0.747156 0.498935 0.505687 0.997870 9
0 0.466380 0.322546 0.022563 0.088870 10
0 0.651951 0.505593 0.036109 0.127741 11
0 0.379651 0.222444 0.027750 0.090593 12
0 0.344641 0.555083 0.042479 0.120889 13
0 0.409008 0.499259 0.459068 0.994222 14
0 0.591526 0.435083 0.028604 0.116574 15
6 0.465813 0.433968 0.032406 0.120269 16
0 0.376568 0.455398 0.123094 0.640463 17
0 0.536945 0.346236 0.030568 0.110750 19
0 0.487813 0.497852 0.973125 0.995704 20
0 0.641979 0.658542 0.040417 0.162861 21
0 0.730792 0.365037 0.026302 0.117685 22
1 0.492990 0.267343 0.023625 0.096056 23
1 0.164596 0.374264 0.034380 0.117361 24
6 0.792745 0.128074 0.015906 0.073648 25
6 0.299427 0.500009 0.538229 0.996278 26
