2 0.666508 0.395759 0.076130 0.131796 0
0 0.506924 0.592134 0.059089 0.219528 1
0 0.391185 0.474472 0.054453 0.308759 2
0 0.242799 0.586056 0.036193 0.155667 3
6 0.665643 0.517963 0.045880 0.176630 4
0 0.196922 0.189773 0.071688 0.254046 5
0 0.095482 0.737306 0.042182 0.170278 6
0 0.135656 0.533620 0.032042 0.140389 7
0 0.757974 0.458356 0.049344 0.218935 8
0 0.035375 0.390162 0.062729 0.286176 9
0 0.636003 0.514718 0.053432 0.222398 10
0 0.504750 0.399764 0.092010 0.355509 11
0 0.554865 0.523736 0.048635 0.215435 12
0 0.299547 0.182644 0.072042 0.250546 13
0 0.260839 0.532940 0.066781 0.308528 14
0 0.669911 0.474759 0.145385 0.361593 15
6 0.640495 0.485463 0.136406 0.471481 16
0 0.550883 0.527583 0.384797 0.712796 17
0 0.326294 0.384292 0.098464 0.563917 19
0 0.456563 0.495130 0.253229 0.759000 20
0 0.232667 0.689301 0.217417 0.392935 21
0 0.465065 0.710056 0.125453 0.277556 22
1 0.826055 0.461769 0.029182 0.138722 23
1 0.420354 0.387023 0.055344 0.203861 24
6 0.773292 0.137106 0.015594 0.072583 25
6 0.247740 0.709634 0.300146 0.578769 26
