2 0.405328 0.433944 0.017156 0.027944 0
0 0.350750 0.445125 0.025260 0.088269 1
0 0.110807 0.413833 0.054083 0.152648 2
0 0.287810 0.499384 0.034714 0.123435 3
6 0.290727 0.184597 0.018755 0.052546 4
0 0.049466 0.506884 0.049724 0.107639 5
0 0.149740 0.614944 0.036979 0.092833 6
0 0.499224 0.540162 0.020927 0.067028 7
0 0.678044 0.533606 0.020443 0.085639 8
0 0.160443 0.608597 0.227760 0.782806 9
0 0.043802 0.361560 0.087604 0.711139 10
0 0.539419 0.568074 0.020578 0.087444 11
0 0.672740 0.492926 0.027438 0.104741 12
0 0.075570 0.517208 0.046641 0.117065 13
0 0.654893 0.532120 0.019557 0.086352 14
0 0.608453 0.541986 0.032365 0.106269 15
6 0.643875 0.551477 0.021083 0.069620 16
0 0.631443 0.495940 0.017531 0.107750 17
0 0.551990 0.592847 0.027823 0.103731 19
0 0.688154 0.500713 0.024630 0.112463 20
0 0.470862 0.607958 0.027734 0.103343 21
0 0.628010 0.578861 0.022479 0.106463 22
1 0.259174 0.573477 0.099401 0.229972 23
1 0.073612 0.345935 0.032172 0.110574 24
6 0.609802 0.177718 0.015385 0.069417 25
6 0.200359 0.901787 0.081906 0.196056 26
