2 0.709951 0.192773 0.016141 0.019269 0
0 0.519789 0.278125 0.027286 0.083935 1
0 0.007273 0.394509 0.013786 0.104685 2
0 0.081857 0.399370 0.032380 0.115148 3
6 0.277427 0.261898 0.023896 0.086389 4
0 0.091573 0.612750 0.035594 0.158722 5
0 0.026271 0.850815 0.037719 0.180333 6
0 0.392807 0.402088 0.033635 0.113046 7
0 0.538031 0.291551 0.026125 0.090602 8
0 0.290763 0.572255 0.036911 0.139935 9
0 0.680391 0.285389 0.038490 0.077926 10
0 0.714813 0.536481 0.041396 0.129815 11
0 0.734599 0.312806 0.040281 0.080685 12
0 0.141375 0.567949 0.040938 0.164194 13
0 0.591138 0.401236 0.040401 0.112157 14
0 0.278609 0.458120 0.044635 0.117500 15
6 0.981615 0.496403 0.036771 0.129231 16
0 0.837180 0.398523 0.042474 0.115843 17
0 0.499737 0.514032 0.056672 0.131417 19
0 0.788667 0.388292 0.036063 0.102713 20
0 0.646956 0.740986 0.045807 0.170213 21
0 0.772690 0.611532 0.051359 0.147620 22
1 0.502578 0.387065 0.049479 0.103426 23
1 0.221331 0.362912 0.055036 0.115213 24
6 0.763880 0.141477 0.015438 0.072083 25
6 0.215435 0.840653 0.151349 0.317824 26
