2 0.703414 0.321648 0.012964 0.023648 0
0 0.508758 0.317065 0.028797 0.103148 1
0 0.058461 0.405171 0.019214 0.131898 2
0 0.103315 0.424259 0.032891 0.120556 3
6 0.338247 0.308815 0.029568 0.111870 4
0 0.105620 0.556352 0.040406 0.171426 5
0 0.035497 0.835676 0.038318 0.179000 6
0 0.358521 0.419625 0.033427 0.116694 7
0 0.568706 0.331468 0.031911 0.125083 8
0 0.258323 0.604931 0.127208 0.279028 9
0 0.701685 0.325583 0.039182 0.113500 10
0 0.686807 0.518250 0.048146 0.159907 11
0 0.744005 0.349606 0.045927 0.122176 12
0 0.162464 0.516579 0.045083 0.175713 13
0 0.551398 0.418190 0.045380 0.145769 14
0 0.089099 0.451931 0.046740 0.118491 15
6 0.132547 0.554773 0.044698 0.125935 16
0 0.663943 0.356292 0.042885 0.091861 17
0 0.244893 0.455282 0.064474 0.130361 19
0 0.647581 0.366588 0.065161 0.096269 20
0 0.453047 0.662505 0.050781 0.173509 21
0 0.664904 0.502653 0.037307 0.144324 22
1 0.809589 0.414903 0.045406 0.105306 23
1 0.247867 0.366125 0.055078 0.127028 24
6 0.765135 0.140898 0.015458 0.072148 25
6 0.219742 0.823181 0.171182 0.352620 26
