2 0.360948 0.805079 0.057583 0.095139 0
0 0.705299 0.610449 0.031932 0.146324 1
0 0.215719 0.420523 0.034167 0.189102 2
0 0.594917 0.385560 0.028687 0.135231 3
6 0.642711 0.183921 0.028724 0.075843 4
0 0.225911 0.521236 0.232135 0.715676 5
0 0.697812 0.228778 0.022125 0.095019 6
0 0.195339 0.688009 0.327240 0.623981 7
0 0.535622 0.558278 0.041849 0.136648 8
0 0.900185 0.286148 0.027599 0.116019 9
0 0.603703 0.555889 0.032698 0.140315 10
0 0.753867 0.259889 0.026609 0.110722 11
0 0.101732 0.551769 0.045839 0.150537 12
0 0.005677 0.391051 0.011354 0.054380 13
0 0.537820 0.262102 0.028005 0.105852 14
0 0.615560 0.157745 0.023443 0.096917 15
6 0.734159 0.341903 0.028797 0.114472 16
0 0.292477 0.261588 0.025943 0.112991 17
0 0.326208 0.240213 0.031427 0.111537 19
0 0.314740 0.525880 0.198437 0.948241 20
0 0.743669 0.242250 0.026859 0.107648 21
0 0.658440 0.166958 0.020786 0.098139 22
1 0.364622 0.087597 0.014432 0.040880 23
1 0.579341 0.478347 0.049693 0.118176 24
6 0.159688 0.205537 0.017115 0.088111 25
6 0.299427 0.500009 0.538229 0.996278 26
0 0.560826 0.150264 0.025193 0.101176 27
