2 0.691563 0.736083 0.013146 0.027370 0
0 0.302302 0.411028 0.028875 0.103778 1
0 0.191510 0.402523 0.112458 0.331731 2
0 0.227396 0.313060 0.024219 0.099213 3
6 0.379539 0.153792 0.021255 0.070231 4
0 0.418089 0.554880 0.036198 0.121796 5
0 0.236802 0.612940 0.036042 0.151231 6
0 0.324510 0.432731 0.052594 0.554963 7
0 0.348823 0.422051 0.038771 0.108528 8
0 0.666914 0.597560 0.278891 0.563954 9
0 0.396224 0.287255 0.022135 0.088120 10
0 0.812445 0.482421 0.034380 0.123880 11
0 0.433115 0.210009 0.026406 0.085778 12
0 0.315979 0.552444 0.046990 0.129704 13
0 0.670195 0.430977 0.243776 0.547935 14
0 0.739008 0.429681 0.031630 0.115491 15
6 0.558185 0.444708 0.031505 0.120620 16
0 0.443490 0.500102 0.162594 0.850222 17
0 0.602784 0.341903 0.031307 0.110046 19
0 0.376602 0.545139 0.441328 0.909722 20
0 0.634831 0.676898 0.040495 0.164778 21
0 0.685721 0.309537 0.025182 0.108741 22
1 0.460042 0.278481 0.024281 0.095111 23
1 0.146664 0.373306 0.032984 0.111204 24
6 0.794000 0.127491 0.015927 0.073704 25
6 0.299427 0.500009 0.538229 0.996278 26
