2 0.468430 0.813565 0.059391 0.101630 0
0 0.705089 0.634065 0.033375 0.150259 1
0 0.314865 0.423375 0.033823 0.179287 2
0 0.562430 0.381931 0.028474 0.133620 3
6 0.605477 0.183889 0.029036 0.075648 4
0 0.446742 0.720833 0.384328 0.259259 5
0 0.663034 0.216870 0.021589 0.092611 6
0 0.414219 0.504898 0.251563 0.887611 7
0 0.567010 0.546699 0.040896 0.132861 8
0 0.882120 0.280722 0.027177 0.113833 9
0 0.613812 0.554111 0.032844 0.138333 10
0 0.701953 0.271481 0.026677 0.111222 11
0 0.099716 0.583634 0.050443 0.154583 12
0 0.194766 0.543565 0.276719 0.912870 13
0 0.465815 0.298667 0.027953 0.108241 14
0 0.560716 0.185903 0.025245 0.099676 15
6 0.711081 0.349301 0.028922 0.115398 16
0 0.290099 0.304741 0.027698 0.118185 17
0 0.324734 0.282144 0.035687 0.115565 19
0 0.314740 0.525880 0.198437 0.948241 20
0 0.686318 0.247722 0.027615 0.106815 21
0 0.616331 0.183287 0.021609 0.100778 22
1 0.353518 0.106773 0.016047 0.045657 23
1 0.559055 0.450426 0.046401 0.117630 24
6 0.144482 0.201074 0.016922 0.088370 25
6 0.299427 0.500009 0.538229 0.996278 26
0 0.526440 0.178861 0.026943 0.104926 27
